32740
8618
88876
12270
3192
1962
54137
74023
27295
66594
35711
85990
78642
80597
715
15663
34052
45884
130
79442
97751
41543
8103
77422
58279
61849
15549
74071
65541
23431
28565
37329
80575
40342
37972
56953
84584
68821
35098
56788
55048
40032
13657
88691
38342
24764
4222
89548
2641
61769
47602
99044
18967
94230
83785
82467
29609
70277
19924
45635
35187
23266
95640
68471
47389
29546
13509
70558
82556
76513
44628
6493
892
12942
94605
95215
68570
31289
51126
99836
74108
97444
95683
55625
96587
7663
35990
15624
16237
79566
2243
46233
99007
12455
87694
1484
9215
15388
46163
79127
58179
24570
21589
75662
28054
75752
94913
95700
21035
8065
7796
12101
30833
17267
1428
68903
69893
94863
15718
39882
99902
34745
16213
33166
83268
13567
88394
45388
53193
31696
8327
45196
69217
32060
67754
22146
1212
67938
21745
68434
3036
54573
12149
84222
98566
47027
6458
98449
31592
63933
64518
37387
37122
26184
21368
46519
41937
68369
33049
85069
28752
24394
1593
98240
34221
67826
31460
16870
37067
6078
93104
45364
12227
19853
1908
81954
1975
45965
95077
44489
57225
93516
74291
93732
75898
45941
24113
55188
27273
10250
20542
6024
35758
86877
83702
58051
36254
68841
95419
92521
55084
69168
66417
51422
25083
20493
22319
82221
93451
92726
27041
8872
47810
66368
18464
39216
36348
12586
48707
7785
3305
29512
74063
16550
72552
64694
37176
5725
30317
65531
68009
52293
93356
93150
18344
31608
93743
57536
33028
56040
72264
38352
44392
78963
36817
64725
43326
68778
6632
12754
32675
39200
80304
58526
47733
50363
41317
54880
43760
3974
718
98385
40972
46017
48045
19226
53045
95562
30718
73253
67278
41295
35731
97576
62627
76882
19367
44860
81075
60128
59007
39313
12307
11526
2567
70120
89052
64318
23504
92734
80036
94522
97028
87806
92986
53645
60946
39983
64912
30155
10517
98825
21159
83755
35153
85372
7877
84611
65249
94346
27353
27656
91005
52444
8139
84468
26089
99458
62065
49579
13665
80914
10076
22662
72425
13501
46696
96832
76511
79801
50845
97525
24427
16093
57362
16853
53840
17939
54925
40569
24454
10521
4823
66354
25565
58591
61384
85032
7285
88854
4384
32340
32455
76456
79382
9489
24748
73778
25003
74272
91359
69663
48860
34758
47822
34201
21016
52271
51987
20952
9216
88544
72489
63552
92578
21545
11163
51819
83698
11967
49506
19074
21318
54843
69658
87370
29921
22087
77625
17642
36411
39094
92677
5794
37434
24088
51539
71558
86997
16597
20260
85713
31539
62479
10444
46151
39518
14503
32113
25422
48631
64033
27501
52000
58607
62411
23363
30787
71061
60781
7854
48536
57308
54579
48295
89779
67881
74993
67891
38283
36265
44857
14159
61147
49824
79218
81648
55896
68484
5808
95982
68749
98894
57338
89271
6232
64360
52240
60356
79079
98900
11751
96984
99703
23282
89190
22071
79480
17783
25433
2031
29292
28814
91596
64290
67809
28350
13880
2047
86358
85872
29324
24416
86798
55236
46826
49578
32220
8513
90077
64904
77556
55714
32106
4909
30664
1208
73390
55548
60475
8874
40156
99816
21133
88851
99474
46036
33487
81756
3373
87166
87830
78887
45121
39765
33861
34241
88541
40754
46294
57316
53866
54823
41297
81904
377
86880
53528
35261
78505
4900
35684
91398
485
23017
73185
91405
91876
63719
67557
22771
76248
88423
36288
23670
27164
89547
48172
21218
98746
18744
6584
44845
97535
59443
24148
34734
91107
61948
73898
61668
46282
31424
49927
53969
62200
9611
72187
95334
3717
61282
5211
48767
36964
26456
82777
52549
6453
3599
39238
15497
97686
50406
74926
28618
70823
15522
58188
33140
53685
2663
45925
67832
2739
53011
54679
93412
46270
47661
11054
29768
94065
18320
72605
2378
13539
4351
47181
50290
11237
65522
14686
91998
23176
81798
67125
8905
48057
89679
80776
74358
27657
5229
75869
64544
30899
97614
69440
56640
89849
15731
37358
24319
42807
58892
14935
64474
12335
92491
4084
12106
80895
98913
29322
49691
84832
95998
91391
87585
42320
38023
85015
28062
70519
59217
96879
84193
35183
58056
36938
86344
55444
96448
88162
64117
80663
4860
48311
55233
63709
2998
88860
50632
49642
15904
15311
89420
30990
81385
56854
54966
59255
10999
74608
35418
75120
82773
29843
5255
2244
23764
94647
82609
88846
23071
41634
78405
35548
16610
83159
22306
20883
60853
64949
10032
66094
74738
68700
26486
34941
51759
16617
69287
71724
88338
81010
95915
18389
18960
70867
10734
34156
53119
73799
50558
40068
18624
49541
25201
89335
77837
85659
73977
21814
27016
71516
42412
45286
19594
69875
90996
52837
82744
83013
42930
24009
29316
18015
2286
11267
78260
4635
80860
50479
86075
84867
78673
55405
22925
99494
82448
6900
66665
50365
3146
25791
5448
96791
2853
30616
93902
15595
76468
90873
46048
53625
70749
34923
73216
94131
8814
53130
73184
99303
13527
15658
18949
43917
26896
67829
46705
3710
57991
52241
97747
56459
18828
83742
50135
39657
1609
34696
375
93576
79973
40794
97541
61642
74399
40300
98351
72757
31449
17078
48299
21858
31654
23635
39793
79983
43994
26122
75035
70842
60205
39487
38040
95175
9254
77260
28941
93991
85415
56161
61382
39961
84515
25484
12596
51924
25971
3538
30103
79639
65037
14377
38948
31218
38250
20792
42368
99912
29475
55198
79189
84172
7817
22292
19648
67212
89545
99649
61729
32999
73442
58962
49414
77784
6392
83901
66522
95782
24792
56283
16481
44383
95198
9352
68744
59718
85779
57782
51294
63355
89170
7025
7122
58038
56819
54107
59397
94995
53779
86463
42514
44669
19791
19400
29170
38738
30836
92532
28284
47935
49987
94690
10380
38385
93803
15877
14682
30081
46917
82057
8894
41525
53190
48281
38651
97601
69268
32343
84891
65226
66364
80524
90005
6603
53401
93891
96740
7752
12502
79334
84444
19616
78203
47789
38216
70931
49348
16184
5854
50950
61683
84533
6991
13602
85480
60402
87729
50170
36087
15285
5933
82866
60391
54030
3
12047
8104
88665
41816
57815
78639
28084
10281
37470
56743
91437
66694
47061
13380
85989
41866
86419
90430
68016
24073
41750
35295
64087
68418
98563
20062
92123
59696
69193
97949
74980
55710
59557
45158
23292
92918
55202
13767
77441
92459
28480
80099
82974
30497
94754
23969
95368
12293
16089
15354
77676
80471
70539
75053
40140
58446
65842
61319
33952
60634
65479
31808
31285
64495
14696
24308
17844
34498
51979
18469
69486
73832
40784
21023
12908
33929
97771
64814
83048
966
94057
25459
2074
36864
40801
21728
50342
52467
80049
6233
59974
87893
32576
40403
91933
74835
4482
5591
847
90153
53791
46058
6794
34492
25845
70662
1548
85597
62222
15158
71360
61050
66621
12713
52841
21500
25975
23283
28759
10962
58112
99935
81643
34138
25282
48157
94039
29444
75940
34946
66189
72732
22535
110
60148
33265
99900
71454
17419
99714
36896
87444
48677
71047
41013
46653
24995
40609
75144
60835
25610
91652
18107
78341
29289
44213
82764
12204
41791
1801
62058
13015
46804
72139
1306
96765
80764
60658
88437
60143
10299
77721
53049
95824
3471
51762
24227
8304
53376
57915
95935
71370
87196
27640
81705
86583
40475
32876
93421
46202
87632
77988
10127
81924
75437
90137
76719
10682
21222
64766
96095
45284
65321
59956
70940
53711
32065
82270
63662
50153
62124
92263
55846
28026
62380
40496
17369
71970
87321
55211
94361
43036
51888
63522
77735
266
99832
74915
86380
2078
47184
28256
62264
68214
55192
76743
64170
83788
3479
8294
27559
93715
49346
97114
23438
95555
60061
91308
82618
71573
27654
64259
81029
84619
28546
98100
53999
11121
76563
42344
40818
38087
1016
79874
41726
81241
5064
43052
4000
26380
59316
79600
73396
24827
85122
40648
85469
8354
46954
98941
77541
26195
98142
49543
56922
40659
29761
45155
42988
37242
51233
85743
95239
39920
23727
18098
86290
68701
44192
37144
1537
83997
15431
2365
92365
38731
34677
15361
11134
1069
96141
49458
69766
61968
27996
61964
61478
25721
90915
57619
20989
43713
56563
28689
76035
93529
41918
98000
35971
91577
79720
28821
82441
81360
19945
32491
86267
78774
30646
49700
95738
19398
67006
191
83100
5216
98087
42189
70289
51501
87133
30143
39267
91261
97681
47298
43181
90522
62339
52553
96249
77804
57066
64954
72749
56566
76244
87724
53965
38353
59517
95262
87267
6708
65345
8642
8616
78589
97823
33923
24769
52799
59379
54273
86654
97818
56920
5988
12311
26207
27788
69511
8995
70643
15409
62591
64719
29786
78434
62375
34880
21263
36064
12304
40124
69816
5555
58789
2440
9509
31533
10323
27199
15013
76071
24975
59893
4362
25892
12851
16588
447
94220
69465
74257
40003
16042
39870
81126
69517
19056
71442
93031
68333
98306
57869
35575
45783
28227
23926
43961
22872
47187
45968
84396
71881
61294
213
61979
97688
78947
86510
76722
67762
54944
21008
76391
22569
69723
38611
63502
73637
17877
60953
18124
64955
9647
57980
14727
74054
36732
49259
95601
58029
33804
25383
68784
31498
975
21666
18038
86373
16834
10065
27374
44164
49957
84525
91958
19510
77542
27921
5579
58636
13881
48094
56393
38233
13805
88483
68772
36947
2153
17001
31558
81414
7718
2872
62910
10461
75285
4085
32426
90575
92325
7348
92763
76788
2800
41332
52595
14162
2117
58127
70741
1169
29279
26357
74285
95377
24861
85150
7675
95134
40462
19809
16190
18155
58016
86671
56033
4634
76661
39605
7667
42279
33613
55061
40325
26094
58058
36129
19112
51148
84
77845
4584
78002
54367
87373
44847
17818
48447
7238
64227
10924
96472
94740
98208
90535
59661
21999
31670
2994
90664
70450
19633
97390
76791
86343
5109
32591
84173
67329
47464
62634
66323
22753
2661
73025
83371
99077
63977
65072
30107
70428
70226
38068
15496
86398
74785
26432
39360
93592
89947
34555
17686
93478
56519
24612
37343
80613
74185
11777
24587
7108
42271
31602
69118
25024
38574
67962
64784
43485
12605
57784
87502
86896
96336
46457
39987
37395
44538
89661
31611
21463
44784
14695
87381
8124
74646
70273
88989
59629
7114
66108
9570
79997
63062
47391
16938
7168
81825
95007
28005
23710
23549
75382
54891
30119
9577
19369
31392
30717
25692
19082
78836
2447
79314
43747
31800
38963
82398
15269
78938
32924
3109
97940
57373
18877
69998
2196
257
57908
18390
98805
93139
4259
86402
46072
37725
12183
61354
73803
82775
60562
16875
8989
3982
5475
17726
61817
38561
50435
30112
17227
52729
73054
12162
65575
44526
2854
1494
82376
14698
84455
88714
93366
89627
14998
72566
23449
52245
29853
78190
54577
27402
51761
11918
99830
49852
58599
4977
86208
88829
30122
34472
62548
64957
86185
76880
5898
31893
23203
69284
48873
74862
17582
74441
99730
53016
51062
54922
30447
21095
6189
50351
25443
97586
63715
12143
48096
2670
50345
94705
47297
88488
53991
2773
60251
49918
21389
30506
55716
91542
30951
50741
59356
64134
56578
64217
56726
67279
9689
18557
58278
40791
66955
69421
40934
7096
21566
9351
65343
85291
23988
94780
52471
70912
17884
1460
87558
7
18327
33334
24732
67645
51474
62112
86483
70332
57089
19719
47359
42759
24601
85907
78466
11739
59865
44672
40305
72407
48479
27759
90877
60584
99490
52985
63108
63922
90357
56840
25309
65051
64143
7966
6519
21841
61321
74367
67619
1914
5504
60787
4192
6027
4797
84369
10665
34008
69912
83611
83319
48266
73121
90251
74053
7055
45199
35834
17605
15405
14260
5934
53417
48330
3634
4591
65242
38973
19678
31779
1379
50576
70884
67030
81554
36770
45145
33638
32438
8168
73355
31373
10712
75378
49212
33516
16199
11018
11316
84377
78936
89342
17553
34513
1467
25982
59289
18151
83625
54613
92133
64504
57979
17641
47930
50873
78392
93324
74757
30102
37077
14648
52909
76006
42795
51041
16956
75521
31069
23519
98921
63846
43123
94198
51437
23347
24941
39524
64526
18392
99340
77658
2089
9225
65425
38660
10639
7682
59699
37307
35570
46430
61706
57218
92165
37082
91306
67169
61537
5044
1759
94492
43310
88982
277
69400
33281
99980
24435
4615
95853
34800
64609
7919
3090
56289
89682
19737
56951
11443
44265
81337
60316
29037
63171
73747
49114
5488
89136
65640
93535
69447
55938
39093
87368
21611
11297
51057
76609
20142
37347
56859
94770
49281
11920
84796
15986
58216
30773
7337
55843
46032
66924
37661
31481
64174
3856
3196
75901
45928
71712
49878
13590
52948
12922
50740
31605
70502
42585
20569
89295
5370
65309
46641
57498
95993
22450
74119
4516
25746
91786
8460
95866
33112
39337
81345
75736
54452
9591
70508
62687
85391
70888
99020
54441
18472
45514
65404
63551
9081
69277
91905
32960
87340
22988
51364
77425
84087
5552
92344
86742
14949
9599
34510
48974
15274
90282
89219
44917
49412
14771
49512
51347
87366
45289
24036
2227
45435
99979
68115
39745
50958
3665
52005
81090
92595
38225
12411
11717
40988
18834
67917
40277
49676
62500
99725
97361
48352
37161
77810
46964
25873
70055
22866
40787
80444
65494
92065
35016
51269
30877
61879
91574
49205
95258
18117
68467
17332
71901
66157
48823
72440
62922
5424
9020
23777
25202
98843
43642
2942
66760
43982
21695
22596
36708
58310
16064
1823
23373
59816
6168
37997
63876
89707
81606
53908
74827
77156
33340
40073
80850
31817
45020
35377
82245
9701
45283
56589
64415
34418
86759
37068
79094
75319
95109
98933
2677
61690
73909
37465
55415
91140
80809
26675
83038
13974
9561
82933
5686
77581
5845
53248
64239
33497
21768
80722
52515
63432
66775
28970
58684
52914
94135
37369
76556
35857
39436
3943
88745
21953
79653
8711
35727
84220
73860
46921
9785
69250
12319
41751
10489
78968
31018
35321
56597
27868
65909
54125
27883
8746
7373
19627
11311
70897
65054
69169
91412
3905
61157
89733
81938
57092
48667
35852
33449
99565
95860
97680
78420
41571
582
25706
53342
71527
39710
90817
22727
75312
38255
52340
28081
33724
81902
59288
53482
69642
82268
16073
49976
92352
10715
92848
35838
53962
29533
51443
23836
91484
24219
71967
65745
26865
86438
46551
12625
72409
49017
14107
37789
10293
9486
96217
45355
65499
54789
73357
42126
56858
64647
48474
55619
98832
31983
41532
99250
31161
86508
42685
59714
72213
25582
84395
30444
4005
63152
30583
23894
78925
2879
15517
65025
64457
11154
58061
12437
46663
99422
5702
56896
12414
913
62438
51372
13786
87285
17799
87474
49636
8272
34624
2896
48903
61197
74842
79464
34423
78632
56379
18862
37457
53391
73613
25851
6621
40487
3208
93764
30394
73029
92421
34358
41082
22783
48054
8754
42430
44163
39772
66532
89066
70550
97920
66442
57588
19002
56915
12053
9745
96806
36049
2747
51706
17842
65293
39399
51848
82780
96400
22504
76662
71441
99022
2947
15821
12441
60510
57715
80251
56296
83690
43354
9341
86834
51641
10216
42170
18732
33478
87541
39682
73091
57212
55244
86835
24876
76991
59766
63416
72290
52072
50729
72075
61006
87618
90189
53037
77670
42922
1923
24196
79487
23854
99461
16321
43146
10319
92296
41265
13008
16547
33718
99162
95750
88287
75109
48820
24263
44718
87854
73657
53415
65719
18908
35132
12769
83058
48169
7560
95559
87707
75246
33661
49413
8279
78288
98280
13444
7353
75468
98287
10353
74621
95503
56910
86891
79545
34542
39144
55598
1618
34668
35827
26473
47603
54594
92360
50354
27783
73638
25612
72657
11078
45308
81796
6818
25483
33074
61437
82136
85635
84314
67325
87926
41361
84514
48849
49538
29718
59130
79795
28834
28105
35825
79230
3667
72492
57194
22856
64419
32031
83844
35193
8255
4605
60331
71357
90865
68426
14211
99276
52416
49119
47890
18369
10416
88379
23830
29793
69717
72708
84114
93584
76122
49370
63606
84925
43370
79735
79474
34278
29140
77853
51866
254
21988
33938
9140
47507
36079
47174
52822
75105
20953
51583
96065
9790
48787
35708
98920
35719
53429
82904
63208
65858
65401
77952
93126
26565
38316
98305
42332
18609
83906
23778
9609
70010
84600
98711
72111
55560
65747
20811
55515
66233
89745
48026
40250
92172
66123
76541
78698
77033
27566
61585
90932
40534
90190
59085
71272
55955
93830
55524
39641
69111
93093
18017
87894
5698
82326
51747
42773
28592
12757
48539
71760
4672
12659
13841
55330
57566
9821
18303
75678
98441
1833
94444
21349
40830
95844
35999
63295
15873
40480
14914
70218
86350
76311
33457
48481
63328
81306
6970
53225
80442
10690
96331
52278
96412
68667
41277
97015
68624
8427
34012
84409
99289
1538
35179
83636
11285
75103
70791
31752
87350
33090
53033
37516
91039
30925
91240
26560
89925
20585
95702
66356
77299
36543
83062
52503
74410
88326
63157
55372
25630
71940
75854
58137
62026
77114
33610
25838
82029
64641
19504
50296
49224
56617
14286
60557
89881
15676
84946
88165
26027
41624
70730
88980
7848
50319
96421
18574
73112
85817
39138
68267
29093
85959
13890
66628
43795
15852
52170
78548
5935
14886
10543
218
33839
90159
33508
74304
81220
92622
27032
10546
84677
94577
83757
71748
66793
7942
63380
1561
95312
84057
37716
24648
38550
13677
13070
96459
23787
60993
18780
30030
66660
19403
95793
55163
48249
57419
34371
16809
58486
60126
82128
1101
15494
34437
52079
55936
86943
52663
95841
3972
21194
5542
28955
96238
80478
35973
97100
61889
98723
14186
85547
17522
3354
82724
38681
17940
69846
4852
98413
57359
7358
28465
6017
52737
24153
32388
48373
62641
61572
69473
53939
31489
77752
73611
32164
65448
24251
4554
69492
44555
56773
47974
56355
8901
58952
37502
43652
96373
22623
95676
50856
30035
19603
14687
50524
46359
2674
18415
53156
4051
14858
83512
59325
57671
48814
61594
67067
725
42808
77312
98459
3986
11880
76352
59701
40258
23846
24314
50946
10971
68402
29105
76483
32481
60648
91022
25017
21829
77409
43050
16722
42321
74095
82374
46471
81115
24584
18
92623
58466
18233
37498
15241
47963
93895
20996
86832
61131
79949
52812
4701
28479
31783
60535
62458
65338
61474
25065
51491
56392
91670
81370
24744
89946
84954
20606
4540
11742
9290
88500
33093
41323
16568
67629
81317
56596
7506
60265
74104
30022
46491
397
44350
71156
39468
78780
59063
99878
29632
99585
12711
80119
31329
68613
26900
50778
76174
331
66923
60358
43358
49168
23462
40162
58799
5217
49686
24144
78408
83523
86813
44285
13594
58686
96136
13313
35776
29913
64352
81214
31999
2769
17701
1185
62925
59422
72314
89868
57766
25490
14467
27636
85109
97179
94298
86157
76140
24332
34013
19460
9111
60522
26368
86543
94825
55995
62546
45295
34688
2772
26450
49704
75979
85165
21004
55608
26482
51259
64002
99264
30811
80662
60763
83717
20750
58312
64406
68970
43436
61658
36453
830
6251
99045
3612
50781
56652
72359
41412
68491
36999
3414
81728
16003
48612
90832
46068
13123
57177
50407
76868
96808
42765
98052
52107
32243
40860
87538
65595
89076
53267
93320
73252
77712
99695
81860
76273
39738
66564
52500
36673
30281
48886
4552
34293
20564
59763
93416
87318
6099
96468
78424
68268
97234
32158
84016
32515
93007
48356
77446
5820
99230
64590
31089
75341
93578
99758
34559
323
7281
84166
99406
32982
18482
1331
49760
7472
59405
10484
26311
736
1978
20968
52978
78193
12028
17670
288
38883
99986
46763
22228
62486
78168
79761
3519
73593
62600
2517
66972
96635
59106
83085
59904
20628
89467
71778
39190
92676
60001
69763
90788
66403
73908
87642
42729
96169
40515
45534
9648
21967
56829
9285
78576
96505
18056
55332
21725
97673
84467
68609
91655
33065
9696
2044
29346
12630
98284
19548
81861
94850
64061
53725
16661
38569
68464
12190
17586
92614
64513
22534
35604
75709
25596
69772
60334
87411
50003
33524
86816
81915
18269
65977
76712
97421
74131
59873
70924
1946
66603
79753
99693
36949
87543
27198
18730
93931
29365
42953
27075
72963
80491
33985
54075
52106
22289
11785
2669
30405
15918
91637
48884
99522
30980
30520
63895
71315
3099
68974
57795
10457
33504
20179
65582
35865
87212
24512
10256
32028
39330
72522
37244
62978
74887
5426
29267
58573
48762
59102
23134
78521
15004
65518
62977
47591
2829
10842
29491
18529
50306
87992
70901
25701
85511
18775
31311
12966
98610
69042
80
49241
14688
23906
88584
47007
18263
68428
3899
65260
63043
58080
5397
3158
94245
57847
39434
7324
40744
1977
45937
86026
27989
63448
42331
53553
15750
65124
45331
86001
90336
40835
20582
55888
18239
16251
68275
56782
28524
29225
23158
29524
53207
2493
12717
77172
19797
12151
87375
21126
72343
6379
63975
57321
55699
60312
25367
88516
10146
8689
22836
20088
86738
41182
62465
17604
49246
45028
12407
29394
15313
20211
21552
11917
89840
98250
28337
42891
97470
77375
42289
21746
19297
27950
12356
57541
63564
98751
23343
31493
96778
13937
40552
75202
6401
73514
71693
17766
27268
50308
41859
27130
61352
9103
21085
33773
26763
94316
29247
91155
61538
39996
20805
46544
28909
58407
24950
5132
94775
620
64111
56059
22324
86696
93349
23781
38183
8015
53371
27677
96110
43419
81461
5074
14212
42623
86369
39558
35478
17246
25813
68208
38427
78155
20149
42431
81417
80375
64800
42543
60549
63042
302
94713
44224
56286
63681
45096
47387
36709
57206
60601
50109
69729
999
33990
44492
8431
10932
73922
26729
55736
89755
79034
19035
97536
47680
54177
57430
70012
25621
51119
94314
81739
58474
1171
50945
74657
27028
96103
10825
34890
47420
37209
72324
49399
27403
31826
20574
20623
98471
74094
54936
88350
99414
13263
83260
60850
38307
67638
22305
34581
19686
17809
28953
48753
88803
16537
68555
26992
21147
9197
20439
95148
53879
73212
49601
13171
80091
50255
8143
38876
90405
30492
97791
77056
98479
8204
19043
58088
42356
32748
82339
83349
81043
53552
89831
92977
88696
36211
95120
12581
57774
88164
24463
41325
96736
45178
62674
61447
38347
91812
66319
7798
71655
39854
25257
82706
10704
84121
7880
11623
9924
90881
62754
44647
57227
5085
46013
95832
77967
30360
98017
71708
61388
14033
41505
91561
18137
7210
64501
6220
44149
17489
53326
97617
71952
77950
14134
64786
79205
3023
58721
33928
54784
31140
17579
67046
72515
58248
76960
7261
14616
59202
42874
8419
84943
67920
59657
100
97700
53610
62225
46368
39740
18455
11220
12585
84083
3603
89909
13714
72298
94320
61457
86527
91924
88897
2804
82782
70441
83215
21038
21924
74885
37142
9741
68452
51709
90646
21307
72941
59283
55828
14141
60811
17236
43547
32094
19836
42643
43071
56844
88782
26714
82852
73998
3706
46364
95292
69067
26891
39570
93616
74963
70925
72710
10035
58898
25391
58463
72484
83148
74157
81334
52142
90689
57120
83452
1820
67781
28514
23250
84862
61705
66692
74116
16031
48339
82721
24403
89344
50439
25049
27573
94924
13926
75126
93626
53179
35991
60912
69995
81875
79011
11322
85824
67577
93155
33022
71700
41056
20351
71551
45299
62577
14409
81677
50750
65970
48224
46220
68295
78207
90972
49731
12118
19193
45483
98617
51981
16447
41856
28242
60113
60696
97522
29813
43678
98341
5201
4749
84477
22007
90860
60052
35172
73755
27313
69237
55263
34050
12692
79713
31496
38335
21110
24841
71486
1051
35875
35811
722
88703
22701
74241
20294
33150
25275
95964
26161
96553
44877
81895
16937
20364
88140
22318
56573
70800
8859
69767
10990
6321
44433
23706
68301
26109
21478
34566
78365
84345
96471
89455
92913
20371
36886
22054
41084
91498
28670
17278
99781
66448
52147
68776
67474
60513
33091
10336
99070
12973
89484
53913
50139
3323
58396
80008
9032
2671
83813
53520
81465
58309
94961
87816
82501
89629
85563
59993
19860
34837
72764
93475
42529
63373
22114
27673
10970
41487
43188
80601
51691
3082
48605
26740
58356
89418
81683
23413
63430
20103
92200
3842
97778
21570
34220
87722
60189
71074
845
47956
67208
57839
93839
899
70726
15874
26600
95305
56163
46994
90090
55314
78737
7639
25711
52311
70780
13280
52675
27151
30166
14461
71152
13358
5166
56907
13471
60842
96698
79227
89189
9075
99628
20074
9566
61479
17319
74429
55376
51030
47546
22090
64026
14171
94011
19091
58326
96989
96327
63233
69070
65503
34353
31931
27390
90241
73368
13107
48928
28339
44309
41601
93841
74001
13697
87586
26386
25530
66785
31041
23386
83637
26196
25402
83874
21497
9530
44837
96067
98598
83839
40428
99842
93332
44508
6953
78334
33754
75682
90095
430
94639
31027
45584
80998
38252
16247
45085
31768
1579
21903
77168
42656
89047
47532
60203
10175
54618
94217
22963
99517
53330
56760
82739
57741
59395
59931
96099
33298
32276
55049
28057
2145
97552
55375
1744
44610
77180
28033
42490
9658
74706
76268
90170
52262
24642
65322
90116
27762
71917
55638
13715
60002
69274
54305
7658
58358
75499
50232
11740
58126
75031
97255
23714
3070
93335
49560
2308
51802
21832
95370
91084
48785
76579
5404
97779
49671
80876
32737
49869
57664
33908
35433
40743
15111
83816
99079
41177
54677
51668
45016
49355
96894
27378
52956
13101
83306
77160
91393
63351
9590
19777
77955
59265
79488
41425
66198
48407
61124
84212
31631
21824
38537
86095
77994
37041
27563
31943
78660
77105
25262
43808
63913
66415
99676
77213
60178
78711
79979
19990
18781
87768
81319
2382
86031
58858
35208
18921
85543
19556
70103
26962
86983
73186
8868
46772
38633
9581
17091
93448
99815
55847
84007
19632
49793
33369
40061
30311
50898
46084
55212
39050
46639
51458
5355
60136
17825
85163
59124
17277
42546
45422
77856
50718
30873
76081
39038
54206
13757
47163
42058
14231
99331
11620
20757
98766
47446
5930
12584
81150
26886
10844
45395
86830
84228
27086
24086
38806
24958
62028
14441
18878
42029
43956
4078
93796
54065
53838
30108
36036
36062
7894
77
45335
25379
74678
39816
44274
64710
58194
52018
65084
13324
58101
27461
13489
99536
46087
49420
71886
78713
80276
64326
82158
51561
88587
11451
91468
97239
62796
2172
45804
63572
93922
94589
50879
58097
66892
38277
23218
16953
31491
95892
74162
78374
1109
62208
19949
12016
13658
84858
32552
37726
71981
43349
95459
78810
67622
21225
57483
61795
89960
21162
16647
48170
98781
90706
27645
46531
96934
20570
4915
97427
56987
30279
10310
21148
32159
1526
2533
5100
74780
2129
16141
29933
59473
71984
15344
68224
10615
99841
39767
60395
88331
51162
79567
62997
63014
93753
28196
97355
97734
12336
76500
5776
54636
149
78930
48798
26374
32109
86734
19328
62269
58967
76996
73929
12255
89217
36377
51492
82381
77219
21984
75943
26060
79014
6202
31965
41783
30302
56060
81235
34493
85508
73829
78050
29146
93760
82934
62653
73809
61548
11627
13231
86825
76845
3366
80397
79251
97241
80674
90530
39268
6993
296
60521
72186
26211
67091
73189
60381
5191
79622
92515
56948
17282
45429
41037
95520
96350
91362
42010
55379
61666
6721
44552
41488
49309
24970
82365
35384
25460
21172
68241
91965
98374
9501
76398
70060
24856
16501
34689
11744
80186
37284
14106
62720
94009
69491
64772
15819
46102
16645
72659
36132
91552
97482
64039
72797
63948
36308
71572
62966
56151
69937
10060
74792
92108
86844
7109
2204
99819
71135
74684
2526
68766
72678
72669
58618
51044
10338
97183
49498
76240
61486
10150
21954
89410
3360
63936
24753
24697
10002
99859
84153
79534
8249
24531
12043
61030
27781
75447
20089
18736
57673
14298
49487
7779
30591
90784
98141
60896
58890
9194
79548
94709
57849
31985
91072
96428
52882
92705
45412
86864
70950
21850
26216
45467
65617
3855
97245
87978
18680
82152
49457
79893
66146
44698
36451
66363
41061
97181
25675
13176
21329
32734
34289
88630
40037
10742
13114
15807
14692
38666
94922
39898
28262
42552
87173
94369
83590
10733
32784
18664
95862
5359
7211
24468
42038
59214
27460
1079
49835
74583
49724
94583
45523
49384
91663
52453
3463
60533
59309
39047
29743
25432
63047
11591
81064
74206
63710
36112
51937
7893
55953
29264
42758
82779
41313
11732
86051
43631
50275
25130
66512
72726
87552
64078
56208
60313
94148
25673
55158
32010
57590
39835
8982
63890
98258
23656
98029
80220
25434
84548
46397
78053
60915
44170
78135
91234
69113
4767
7378
20033
37870
49843
45862
76231
50646
4357
63451
54821
23887
92497
12469
18759
58727
62029
18111
86249
51387
62587
62476
66611
14570
16507
73371
62537
15434
1760
29534
51303
37693
53780
61409
23930
78586
66790
74913
31310
8629
17813
24023
39273
76420
50947
82843
98943
55658
80802
62019
65885
4650
30247
10789
45732
57591
55378
86712
97006
51502
53517
32062
83804
39875
24026
90748
32842
98606
1340
42775
32667
67176
7605
85888
99097
50196
58026
55988
19756
69175
97956
54685
18195
7469
55407
3092
56536
3760
82137
32832
11713
13161
24183
55909
85229
8004
67909
925
44623
80830
84410
30530
32927
80502
24765
54894
22214
30693
18995
46839
43459
48244
88579
62865
38539
43135
9665
96498
65680
6804
55803
71883
90798
63101
13932
91787
63187
79813
38525
82253
67624
62655
62007
12809
95045
82870
58562
21705
85218
76017
7244
26076
2795
40183
99067
89892
97085
92480
83834
21279
24517
44276
7703
53582
13368
10644
87934
71227
67193
51377
92262
48852
14513
14807
38975
13493
37136
32029
82815
13936
40834
40039
37518
37743
60255
4091
79038
17873
30626
2121
83517
49493
31591
97261
36869
81505
88367
73379
35712
18584
58236
71147
42156
87446
1865
80111
73893
81955
89336
88874
12657
95398
71535
16926
65710
22779
79380
56696
12907
30860
96952
4238
54562
25626
8111
47635
21986
76079
28195
33425
15887
92034
21684
19346
42304
75887
20311
84267
81682
38637
95092
76890
2332
12128
51401
1473
69609
26602
17911
32095
14989
25874
92709
16488
38783
39786
16715
13447
92076
68323
28757
68286
57278
77577
36053
72073
88281
9190
48482
84088
47209
31356
98637
91086
78816
36322
83035
99137
79095
98281
65012
73578
24886
86804
71320
54678
97130
12880
15093
4827
30294
60886
29204
47745
31259
15512
44979
22352
31674
17071
50801
12167
40006
16744
16690
18074
24169
2880
83265
57897
53269
74313
48121
58821
37022
4107
29877
53914
2507
53901
92600
97750
53900
38809
87859
96388
9826
85946
12700
38240
80026
26660
10913
18485
82958
7480
96370
15353
69216
6522
17901
38909
44503
8915
82320
99438
11753
90307
17446
33190
51051
81302
51137
45825
37921
21879
75049
9202
55365
78991
74064
34623
16221
71181
89384
41769
47462
91708
22741
13960
78440
54271
28699
28485
6038
72426
22999
46285
72177
8781
53526
16596
91011
43398
82273
80152
71349
49315
62618
99299
61714
16175
20238
93897
48307
54702
78620
95043
67940
7741
39751
596
97379
14202
51319
81747
75328
61431
61411
58107
24536
16425
8792
79003
83952
31274
52550
94371
72698
6770
94431
96475
68676
52264
43997
85589
41735
83820
41796
55715
96697
30862
10903
43099
19458
15332
35900
61726
85034
30375
89879
98069
28576
1301
50538
71358
78462
78931
30496
64778
23110
3804
32105
37185
1681
78404
50841
1902
87615
24501
25222
66685
96491
224
73855
17073
32139
54502
58925
52993
76678
87641
84346
59123
91932
37218
81989
57998
46076
11556
42772
39769
65013
5922
47724
1758
1085
91926
52800
36419
89330
92179
88399
95829
16455
59648
11845
31754
86347
8954
57962
13237
92136
62535
86800
48805
25170
84037
72121
95990
14452
46891
58289
42296
56171
14200
61335
41381
17971
51784
52043
34230
31698
35668
83415
40038
68875
97716
77561
98844
38402
35718
59271
84297
26224
93774
4030
31545
97826
37445
18208
52987
91197
37528
28046
93945
86639
79678
67649
49820
98372
10829
76948
77524
97836
53318
69579
9743
17568
59946
