32740
8618
88876
12270
3192
1962
54137
74023
27295
66594
35711
85990
78642
80597
715
15663
34052
45884
130
79442
97751
41543
8103
77422
58279
61849
15549
74071
65541
23431
28565
37329
80575
40342
37972
56953
84584
68821
35098
56788
55048
40032
13657
88691
38342
24764
4222
89548
2641
61769
47602
99044
18967
94230
83785
82467
29609
70277
19924
45635
35187
23266
95640
68471
47389
29546
13509
70558
82556
76513
44628
6493
892
12942
94605
95215
68570
31289
51126
99836
74108
97444
95683
55625
96587
7663
35990
15624
16237
79566
2243
46233
99007
12455
87694
1484
9215
15388
46163
79127
58179
24570
21589
75662
28054
75752
94913
95700
21035
8065
7796
12101
30833
17267
1428
68903
69893
94863
15718
39882
99902
34745
16213
33166
83268
13567
88394
45388
53193
31696
8327
45196
69217
32060
67754
22146
1212
67938
21745
68434
3036
54573
12149
84222
98566
47027
6458
98449
31592
63933
64518
37387
37122
26184
21368
46519
41937
68369
33049
85069
28752
24394
1593
98240
34221
67826
31460
16870
37067
6078
93104
45364
12227
19853
1908
81954
1975
45965
95077
44489
57225
93516
74291
93732
75898
45941
24113
55188
27273
10250
20542
6024
35758
86877
83702
58051
36254
68841
95419
92521
55084
69168
66417
51422
25083
20493
22319
82221
93451
92726
27041
8872
47810
66368
18464
39216
36348
12586
48707
7785
3305
29512
74063
16550
72552
64694
37176
5725
30317
65531
68009
52293
93356
93150
18344
31608
93743
57536
33028
56040
72264
38352
44392
78963
36817
64725
43326
68778
6632
12754
32675
39200
80304
58526
47733
50363
41317
54880
43760
3974
718
98385
40972
46017
48045
19226
53045
95562
30718
73253
67278
41295
35731
97576
62627
76882
19367
44860
81075
60128
59007
39313
12307
11526
2567
70120
89052
64318
23504
92734
80036
94522
97028
87806
92986
53645
60946
39983
64912
30155
10517
98825
21159
83755
35153
85372
7877
84611
65249
94346
27353
27656
91005
52444
8139
84468
26089
99458
62065
49579
13665
80914
10076
22662
72425
13501
46696
96832
76511
79801
50845
97525
24427
16093
57362
16853
53840
17939
54925
40569
24454
10521
4823
66354
25565
58591
61384
85032
7285
88854
4384
32340
32455
76456
79382
9489
24748
73778
25003
74272
91359
69663
48860
34758
47822
34201
21016
52271
51987
20952
9216
88544
72489
63552
92578
21545
11163
51819
83698
11967
49506
19074
21318
54843
69658
87370
29921
22087
77625
17642
36411
39094
92677
5794
37434
24088
51539
71558
86997
16597
20260
85713
31539
62479
10444
46151
39518
14503
32113
25422
48631
64033
27501
52000
58607
62411
23363
30787
71061
60781
7854
48536
57308
54579
48295
89779
67881
74993
67891
38283
36265
44857
14159
61147
49824
79218
81648
55896
68484
5808
95982
68749
98894
57338
89271
6232
64360
52240
60356
79079
98900
11751
96984
99703
23282
89190
22071
79480
17783
25433
2031
29292
28814
91596
64290
67809
28350
13880
2047
86358
85872
29324
24416
86798
55236
46826
49578
32220
8513
90077
64904
77556
55714
32106
4909
30664
1208
73390
55548
60475
8874
40156
99816
21133
88851
99474
46036
33487
81756
3373
87166
87830
78887
45121
39765
33861
34241
88541
40754
46294
57316
53866
54823
41297
81904
377
86880
53528
35261
78505
4900
35684
91398
485
23017
73185
91405
91876
63719
67557
22771
76248
88423
36288
23670
27164
89547
48172
21218
98746
18744
6584
44845
97535
59443
24148
34734
91107
61948
73898
61668
46282
31424
49927
53969
62200
9611
72187
95334
3717
61282
5211
48767
36964
26456
82777
52549
6453
3599
39238
15497
97686
50406
74926
28618
70823
15522
58188
33140
53685
2663
45925
67832
2739
53011
54679
93412
46270
47661
11054
29768
94065
18320
72605
2378
13539
4351
47181
50290
11237
65522
14686
91998
23176
81798
67125
8905
48057
89679
80776
74358
27657
5229
75869
64544
30899
97614
69440
56640
89849
15731
37358
24319
42807
58892
14935
64474
12335
92491
4084
12106
80895
98913
29322
49691
84832
95998
91391
87585
42320
38023
85015
28062
70519
59217
96879
84193
35183
58056
36938
86344
55444
96448
88162
64117
80663
4860
48311
55233
63709
2998
88860
50632
49642
15904
15311
89420
30990
81385
56854
54966
59255
10999
74608
35418
75120
82773
29843
5255
2244
23764
94647
82609
88846
23071
41634
78405
35548
16610
83159
22306
20883
60853
64949
10032
66094
74738
68700
26486
34941
51759
16617
69287
71724
88338
81010
95915
18389
18960
70867
10734
34156
53119
73799
50558
40068
18624
49541
25201
89335
77837
85659
73977
21814
27016
71516
42412
45286
19594
69875
90996
52837
82744
83013
42930
24009
29316
18015
2286
11267
78260
4635
80860
50479
86075
84867
78673
55405
22925
99494
82448
6900
66665
50365
3146
25791
5448
96791
2853
30616
93902
15595
76468
90873
46048
53625
70749
34923
73216
94131
8814
53130
73184
99303
13527
15658
18949
43917
26896
67829
46705
3710
57991
52241
97747
56459
18828
83742
50135
39657
1609
34696
375
93576
79973
40794
97541
61642
74399
40300
98351
72757
31449
17078
48299
21858
31654
23635
39793
79983
43994
26122
75035
70842
60205
39487
38040
95175
9254
77260
28941
93991
85415
56161
61382
39961
84515
25484
12596
51924
25971
3538
30103
79639
65037
14377
38948
31218
38250
20792
42368
99912
29475
55198
79189
84172
7817
22292
19648
67212
89545
99649
61729
32999
73442
58962
49414
77784
6392
83901
66522
95782
24792
56283
16481
44383
95198
9352
68744
59718
85779
57782
51294
63355
89170
7025
7122
58038
56819
54107
59397
94995
53779
86463
42514
44669
19791
19400
29170
38738
30836
92532
28284
47935
49987
94690
10380
38385
93803
15877
14682
30081
46917
82057
8894
41525
53190
48281
38651
97601
69268
32343
84891
65226
66364
80524
90005
6603
53401
93891
96740
7752
12502
79334
84444
19616
78203
47789
38216
70931
49348
16184
5854
50950
61683
84533
6991
13602
85480
60402
87729
50170
36087
15285
5933
82866
60391
54030
3
12047
8104
88665
41816
57815
78639
28084
10281
37470
56743
91437
66694
47061
13380
85989
41866
86419
90430
68016
24073
41750
35295
64087
68418
98563
20062
92123
59696
69193
97949
74980
55710
59557
45158
23292
92918
55202
13767
77441
92459
28480
80099
82974
30497
94754
23969
95368
12293
16089
15354
77676
80471
70539
75053
40140
58446
65842
61319
33952
60634
65479
31808
31285
64495
14696
24308
17844
34498
51979
18469
69486
73832
40784
21023
12908
33929
97771
64814
83048
966
94057
25459
2074
36864
40801
21728
50342
52467
80049
6233
59974
87893
32576
40403
91933
74835
4482
5591
847
90153
53791
46058
6794
34492
25845
70662
1548
85597
62222
15158
71360
61050
66621
12713
52841
21500
25975
23283
28759
10962
58112
99935
81643
34138
25282
48157
94039
29444
75940
34946
66189
72732
22535
110
60148
33265
99900
71454
17419
99714
36896
87444
48677
71047
41013
46653
24995
40609
75144
60835
25610
91652
18107
78341
29289
44213
82764
12204
41791
1801
62058
13015
46804
72139
1306
96765
80764
60658
88437
60143
10299
77721
53049
95824
3471
51762
24227
8304
53376
57915
95935
71370
87196
27640
81705
86583
40475
32876
93421
46202
87632
77988
10127
81924
75437
90137
76719
10682
21222
64766
96095
45284
65321
59956
70940
53711
32065
82270
63662
50153
62124
92263
55846
28026
62380
40496
17369
71970
87321
55211
94361
43036
51888
63522
77735
266
99832
74915
86380
2078
47184
28256
62264
68214
55192
76743
64170
83788
3479
8294
27559
93715
49346
97114
23438
95555
60061
91308
82618
71573
27654
64259
81029
84619
28546
98100
53999
11121
76563
42344
40818
38087
1016
79874
41726
81241
5064
43052
4000
26380
59316
79600
73396
24827
85122
40648
85469
8354
46954
98941
77541
26195
98142
49543
56922
40659
29761
45155
42988
37242
51233
85743
95239
39920
23727
18098
86290
68701
44192
37144
1537
83997
15431
2365
92365
38731
34677
15361
11134
1069
96141
49458
69766
61968
27996
61964
61478
25721
90915
57619
20989
43713
56563
28689
76035
93529
41918
98000
35971
91577
79720
28821
82441
81360
19945
32491
86267
78774
30646
49700
95738
19398
67006
191
83100
5216
98087
42189
70289
51501
87133
30143
39267
91261
97681
47298
43181
90522
62339
52553
96249
77804
57066
64954
72749
56566
76244
87724
53965
38353
59517
95262
87267
6708
65345
8642
8616
78589
97823
33923
24769
52799
59379
54273
86654
97818
56920
5988
12311
26207
27788
69511
8995
70643
15409
62591
64719
29786
78434
62375
34880
21263
36064
12304
40124
69816
5555
58789
2440
9509
31533
10323
27199
15013
76071
24975
59893
4362
25892
12851
16588
447
94220
69465
74257
40003
16042
39870
81126
69517
19056
71442
93031
68333
98306
57869
35575
45783
28227
23926
43961
22872
47187
45968
84396
71881
61294
213
61979
97688
78947
86510
76722
67762
54944
21008
76391
22569
69723
38611
63502
73637
17877
60953
18124
64955
9647
57980
14727
74054
36732
49259
95601
58029
33804
25383
68784
31498
975
21666
18038
86373
16834
10065
27374
44164
49957
84525
91958
19510
77542
27921
5579
58636
13881
48094
56393
38233
13805
88483
68772
36947
2153
17001
31558
81414
7718
2872
62910
10461
75285
4085
32426
90575
92325
7348
92763
76788
2800
41332
52595
14162
2117
58127
70741
1169
29279
26357
74285
95377
24861
85150
7675
95134
40462
19809
16190
18155
58016
86671
56033
4634
76661
39605
7667
42279
33613
55061
40325
26094
58058
36129
19112
51148
84
77845
4584
78002
54367
87373
44847
17818
48447
7238
64227
10924
96472
94740
98208
90535
59661
21999
31670
2994
90664
70450
19633
97390
76791
86343
5109
32591
84173
67329
47464
62634
66323
22753
2661
73025
83371
99077
63977
65072
30107
70428
70226
38068
15496
86398
74785
26432
39360
93592
89947
34555
17686
93478
56519
24612
37343
80613
74185
11777
24587
7108
42271
31602
69118
25024
38574
67962
64784
43485
12605
57784
87502
86896
96336
46457
39987
37395
44538
89661
31611
21463
44784
14695
87381
8124
74646
70273
88989
59629
7114
66108
9570
79997
63062
47391
16938
7168
81825
95007
28005
23710
23549
75382
54891
30119
9577
19369
31392
30717
25692
19082
78836
2447
79314
43747
31800
38963
82398
15269
78938
32924
3109
97940
57373
18877
69998
2196
257
57908
18390
98805
93139
4259
86402
46072
37725
12183
61354
73803
82775
60562
16875
8989
3982
5475
17726
61817
38561
50435
30112
17227
52729
73054
12162
65575
44526
2854
1494
82376
14698
84455
88714
93366
89627
14998
72566
23449
52245
29853
78190
54577
27402
51761
11918
99830
49852
58599
4977
86208
88829
30122
34472
62548
64957
86185
76880
5898
31893
23203
69284
48873
74862
17582
74441
99730
53016
51062
54922
30447
21095
6189
50351
25443
97586
63715
12143
48096
2670
50345
94705
47297
88488
53991
2773
60251
49918
21389
30506
55716
91542
30951
50741
59356
64134
56578
64217
56726
67279
9689
18557
58278
40791
66955
69421
40934
7096
21566
9351
65343
85291
23988
94780
52471
70912
17884
1460
87558
7
18327
33334
24732
67645
51474
62112
86483
70332
57089
19719
47359
42759
24601
85907
78466
11739
59865
44672
40305
72407
48479
27759
90877
60584
99490
52985
63108
63922
90357
56840
25309
65051
64143
7966
6519
21841
61321
74367
67619
1914
5504
60787
4192
6027
4797
84369
10665
34008
69912
83611
83319
48266
73121
90251
74053
7055
45199
35834
17605
15405
14260
5934
53417
48330
3634
4591
65242
38973
19678
31779
1379
50576
70884
67030
81554
36770
45145
33638
32438
8168
73355
31373
10712
75378
49212
33516
16199
11018
11316
84377
78936
89342
17553
34513
1467
25982
59289
18151
83625
54613
92133
64504
57979
17641
47930
50873
78392
93324
74757
30102
37077
14648
52909
76006
42795
51041
16956
75521
31069
23519
98921
63846
43123
94198
51437
23347
24941
39524
64526
18392
99340
77658
2089
9225
65425
38660
10639
7682
59699
37307
35570
46430
61706
57218
92165
37082
91306
67169
61537
5044
1759
94492
43310
88982
277
69400
33281
99980
24435
4615
95853
34800
64609
7919
3090
56289
89682
19737
56951
11443
44265
81337
60316
29037
63171
73747
49114
5488
89136
65640
93535
69447
55938
39093
87368
21611
11297
51057
76609
20142
37347
56859
94770
49281
11920
84796
15986
58216
30773
7337
55843
46032
66924
37661
31481
64174
3856
3196
75901
45928
71712
49878
13590
52948
12922
50740
31605
70502
42585
20569
89295
5370
65309
46641
57498
95993
22450
74119
4516
25746
91786
8460
95866
33112
39337
81345
75736
54452
9591
70508
62687
85391
70888
99020
54441
18472
45514
65404
63551
9081
69277
91905
32960
87340
22988
51364
77425
84087
5552
92344
86742
14949
9599
34510
48974
15274
90282
89219
44917
49412
14771
49512
51347
87366
45289
24036
2227
45435
99979
68115
39745
50958
3665
52005
81090
92595
38225
12411
11717
40988
18834
67917
40277
49676
62500
99725
97361
48352
37161
77810
46964
25873
70055
22866
40787
80444
65494
92065
35016
51269
30877
61879
91574
49205
95258
18117
68467
17332
71901
66157
48823
72440
62922
5424
9020
23777
25202
98843
43642
2942
66760
43982
21695
22596
36708
58310
16064
1823
23373
59816
6168
37997
63876
89707
81606
53908
74827
77156
33340
40073
80850
31817
45020
35377
82245
9701
45283
56589
64415
34418
86759
37068
79094
75319
95109
98933
2677
61690
73909
37465
55415
91140
80809
26675
83038
13974
9561
82933
5686
77581
5845
53248
64239
33497
21768
80722
52515
63432
66775
28970
58684
52914
94135
37369
76556
35857
39436
3943
88745
21953
79653
8711
35727
84220
73860
46921
9785
69250
12319
41751
10489
78968
31018
35321
56597
27868
65909
54125
27883
8746
7373
19627
11311
70897
65054
69169
91412
3905
61157
89733
81938
57092
48667
35852
33449
99565
95860
97680
78420
41571
582
25706
53342
71527
39710
90817
22727
75312
38255
52340
28081
33724
81902
59288
53482
69642
82268
16073
49976
92352
10715
92848
35838
53962
29533
51443
23836
91484
24219
71967
65745
26865
86438
46551
12625
72409
49017
14107
37789
10293
9486
96217
45355
65499
54789
73357
42126
56858
64647
48474
55619
98832
31983
41532
99250
31161
86508
42685
59714
72213
25582
84395
30444
4005
63152
30583
23894
78925
2879
15517
65025
64457
11154
58061
12437
46663
99422
5702
56896
12414
913
62438
51372
13786
87285
17799
87474
49636
8272
34624
2896
48903
61197
74842
79464
34423
78632
56379
18862
37457
53391
73613
25851
6621
40487
3208
93764
30394
73029
92421
34358
41082
22783
48054
8754
42430
44163
39772
66532
89066
70550
97920
66442
57588
19002
56915
12053
9745
96806
36049
2747
51706
17842
65293
39399
51848
82780
96400
22504
76662
71441
99022
2947
15821
12441
60510
57715
80251
56296
83690
43354
9341
86834
51641
10216
42170
18732
33478
87541
39682
73091
57212
55244
86835
24876
76991
59766
63416
72290
52072
50729
72075
61006
87618
90189
53037
77670
42922
1923
24196
79487
23854
99461
16321
43146
10319
92296
41265
13008
16547
33718
99162
95750
88287
75109
48820
24263
44718
87854
73657
53415
65719
18908
35132
12769
83058
48169
7560
95559
87707
75246
33661
49413
8279
78288
98280
13444
7353
75468
98287
10353
74621
95503
56910
86891
79545
34542
39144
55598
1618
34668
35827
26473
47603
54594
92360
50354
27783
73638
25612
72657
11078
45308
81796
6818
25483
33074
61437
82136
85635
84314
67325
87926
41361
84514
48849
49538
29718
59130
79795
28834
28105
35825
79230
3667
72492
57194
22856
64419
32031
83844
35193
8255
4605
60331
71357
90865
68426
14211
99276
52416
49119
47890
18369
10416
88379
23830
29793
69717
72708
84114
93584
76122
49370
63606
84925
43370
79735
79474
34278
29140
77853
51866
254
21988
33938
9140
47507
36079
47174
52822
75105
20953
51583
96065
9790
48787
35708
98920
35719
53429
82904
63208
65858
65401
77952
93126
26565
38316
98305
42332
18609
83906
23778
9609
70010
84600
98711
72111
55560
65747
20811
55515
66233
89745
48026
40250
92172
66123
76541
78698
77033
27566
61585
90932
40534
90190
59085
71272
55955
93830
55524
39641
69111
93093
18017
87894
5698
82326
51747
42773
28592
12757
48539
71760
4672
12659
13841
55330
57566
9821
18303
75678
98441
1833
94444
21349
40830
95844
35999
63295
15873
40480
14914
70218
86350
76311
33457
48481
63328
81306
6970
53225
80442
10690
96331
52278
96412
68667
41277
97015
68624
8427
34012
84409
99289
1538
35179
83636
11285
75103
70791
31752
87350
33090
53033
37516
91039
30925
91240
26560
89925
20585
95702
66356
77299
36543
83062
52503
74410
88326
63157
55372
25630
71940
75854
58137
62026
77114
33610
25838
82029
64641
19504
50296
49224
56617
14286
60557
89881
15676
84946
88165
26027
41624
70730
88980
7848
50319
96421
18574
73112
85817
39138
68267
29093
85959
13890
66628
43795
15852
52170
78548
5935
14886
10543
218
33839
90159
33508
74304
81220
92622
27032
10546
84677
94577
83757
71748
66793
7942
63380
1561
95312
84057
37716
24648
38550
13677
13070
96459
23787
60993
18780
30030
66660
19403
95793
55163
48249
57419
34371
16809
58486
60126
82128
1101
15494
34437
52079
55936
86943
52663
95841
3972
21194
5542
28955
96238
80478
35973
97100
61889
98723
14186
85547
17522
3354
82724
38681
17940
69846
4852
98413
57359
7358
28465
6017
52737
24153
32388
48373
62641
61572
69473
53939
31489
77752
73611
32164
65448
24251
4554
69492
44555
56773
47974
56355
8901
58952
37502
43652
96373
22623
95676
50856
30035
19603
14687
50524
46359
2674
18415
53156
4051
14858
83512
59325
57671
48814
61594
67067
725
42808
77312
98459
3986
11880
76352
59701
40258
23846
24314
50946
10971
68402
29105
76483
32481
60648
91022
25017
21829
77409
43050
16722
42321
74095
82374
46471
81115
24584
18
92623
58466
18233
37498
15241
47963
93895
20996
86832
61131
79949
52812
4701
28479
31783
60535
62458
65338
61474
25065
51491
56392
91670
81370
24744
89946
84954
20606
4540
11742
9290
88500
33093
41323
16568
67629
81317
56596
7506
60265
74104
30022
46491
397
44350
71156
39468
78780
59063
99878
29632
99585
12711
80119
31329
68613
26900
50778
76174
331
66923
60358
43358
49168
23462
40162
58799
5217
49686
24144
78408
83523
86813
44285
13594
58686
96136
13313
35776
29913
64352
81214
31999
2769
17701
1185
62925
59422
72314
89868
57766
25490
14467
27636
85109
97179
94298
86157
76140
24332
34013
19460
9111
60522
26368
86543
94825
55995
62546
45295
34688
2772
26450
49704
75979
85165
21004
55608
26482
51259
64002
99264
30811
80662
60763
83717
20750
58312
64406
68970
43436
61658
36453
830
6251
99045
3612
50781
56652
72359
41412
68491
36999
3414
81728
16003
48612
90832
46068
13123
57177
50407
76868
96808
42765
98052
52107
32243
40860
87538
65595
89076
53267
93320
73252
77712
99695
81860
76273
39738
66564
52500
36673
30281
48886
4552
34293
20564
59763
93416
87318
6099
96468
78424
68268
97234
32158
84016
32515
93007
48356
77446
5820
99230
64590
31089
75341
93578
99758
34559
323
7281
84166
99406
32982
18482
1331
49760
7472
59405
10484
26311
736
1978
20968
52978
78193
12028
17670
288
38883
99986
46763
22228
62486
78168
79761
3519
73593
62600
2517
66972
96635
59106
83085
59904
20628
89467
71778
39190
92676
60001
69763
90788
66403
73908
87642
42729
96169
40515
45534
9648
21967
56829
9285
78576
96505
18056
55332
21725
97673
84467
68609
91655
33065
9696
2044
29346
12630
98284
19548
81861
94850
64061
53725
16661
38569
68464
12190
17586
92614
64513
22534
35604
75709
25596
69772
60334
87411
50003
33524
86816
81915
18269
65977
76712
97421
74131
59873
70924
1946
66603
79753
99693
36949
87543
27198
18730
93931
29365
42953
27075
72963
80491
33985
54075
52106
22289
11785
2669
30405
15918
91637
48884
99522
30980
30520
63895
71315
3099
68974
57795
10457
33504
20179
65582
35865
87212
24512
10256
32028
39330
72522
37244
62978
74887
5426
29267
58573
48762
59102
23134
78521
15004
65518
62977
47591
2829
10842
29491
18529
50306
87992
70901
25701
85511
18775
31311
12966
98610
69042
80
49241
14688
23906
88584
47007
18263
68428
3899
65260
63043
58080
5397
3158
94245
57847
39434
7324
40744
1977
45937
86026
27989
63448
42331
53553
15750
65124
45331
86001
90336
40835
20582
55888
18239
16251
68275
56782
28524
29225
23158
29524
53207
2493
12717
77172
19797
12151
87375
21126
72343
6379
63975
57321
55699
60312
25367
88516
10146
8689
22836
20088
86738
41182
62465
17604
49246
45028
12407
29394
15313
20211
21552
11917
89840
98250
28337
42891
97470
77375
42289
21746
19297
27950
12356
57541
63564
98751
23343
31493
96778
13937
40552
75202
6401
73514
71693
17766
27268
50308
41859
27130
61352
9103
21085
33773
26763
94316
29247
91155
61538
39996
20805
46544
28909
58407
24950
5132
94775
620
64111
56059
22324
86696
93349
23781
38183
8015
53371
27677
96110
43419
81461
5074
14212
42623
86369
39558
35478
17246
25813
68208
38427
78155
20149
42431
81417
80375
64800
42543
60549
63042
302
94713
44224
56286
63681
45096
47387
36709
57206
60601
50109
69729
999
33990
44492
8431
10932
73922
26729
55736
89755
79034
19035
97536
47680
54177
57430
70012
25621
51119
94314
81739
58474
1171
50945
74657
27028
96103
10825
34890
47420
37209
72324
49399
27403
31826
20574
20623
98471
74094
54936
88350
99414
13263
83260
60850
38307
67638
22305
34581
19686
17809
28953
48753
88803
16537
68555
26992
21147
9197
20439
95148
53879
73212
49601
13171
80091
50255
8143
38876
90405
30492
97791
77056
98479
8204
19043
58088
42356
32748
82339
83349
81043
53552
89831
92977
88696
36211
95120
12581
57774
88164
24463
41325
96736
45178
62674
61447
38347
91812
66319
7798
71655
39854
25257
82706
10704
84121
7880
11623
9924
90881
62754
44647
57227
5085
46013
95832
77967
30360
98017
71708
61388
14033
41505
91561
18137
7210
64501
6220
44149
17489
53326
97617
71952
77950
14134
64786
79205
3023
58721
33928
54784
31140
17579
67046
72515
58248
76960
7261
14616
59202
42874
8419
84943
67920
59657
100
97700
53610
62225
46368
39740
18455
11220
12585
84083
3603
89909
13714
72298
94320
61457
86527
91924
88897
2804
82782
70441
83215
21038
21924
74885
37142
9741
68452
51709
90646
21307
72941
59283
55828
14141
60811
17236
43547
32094
19836
42643
43071
56844
88782
26714
82852
73998
3706
46364
95292
69067
26891
39570
93616
74963
70925
72710
10035
58898
25391
58463
72484
83148
74157
81334
52142
90689
57120
83452
1820
67781
28514
23250
84862
61705
66692
74116
16031
48339
82721
24403
89344
50439
25049
27573
94924
13926
75126
93626
53179
35991
60912
69995
81875
79011
11322
85824
67577
93155
33022
71700
41056
20351
71551
45299
62577
14409
81677
50750
65970
48224
46220
68295
78207
90972
49731
12118
19193
45483
98617
51981
16447
41856
28242
60113
60696
97522
29813
43678
98341
5201
4749
84477
22007
90860
60052
35172
73755
27313
69237
55263
34050
12692
79713
31496
38335
21110
24841
71486
1051
35875
35811
722
88703
22701
74241
20294
33150
25275
95964
26161
96553
44877
81895
16937
20364
88140
22318
56573
70800
8859
69767
10990
6321
44433
23706
68301
26109
21478
34566
78365
84345
96471
89455
92913
20371
36886
22054
41084
91498
28670
17278
99781
66448
52147
68776
67474
60513
33091
10336
99070
12973
89484
53913
50139
3323
58396
80008
9032
2671
83813
53520
81465
58309
94961
87816
82501
89629
85563
59993
19860
34837
72764
93475
42529
63373
22114
27673
10970
41487
43188
80601
51691
3082
48605
26740
58356
89418
81683
23413
63430
20103
92200
3842
97778
21570
34220
87722
60189
71074
845
47956
67208
57839
93839
899
70726
15874
26600
95305
56163
46994
90090
55314
78737
7639
25711
52311
70780
13280
52675
27151
30166
14461
71152
13358
5166
56907
13471
60842
96698
79227
89189
9075
99628
20074
9566
61479
17319
74429
55376
51030
47546
22090
64026
14171
94011
19091
58326
96989
96327
63233
69070
65503
34353
31931
27390
90241
73368
13107
48928
28339
44309
41601
93841
74001
13697
87586
26386
25530
66785
31041
23386
83637
26196
25402
83874
21497
9530
44837
96067
98598
83839
40428
99842
93332
44508
6953
78334
33754
75682
90095
430
94639
31027
45584
80998
38252
16247
45085
31768
1579
21903
77168
42656
89047
47532
60203
10175
54618
94217
22963
99517
53330
56760
82739
57741
59395
59931
96099
33298
32276
55049
28057
2145
97552
55375
1744
44610
77180
28033
42490
9658
74706
76268
90170
52262
24642
65322
90116
27762
71917
55638
13715
60002
69274
54305
7658
58358
75499
50232
11740
58126
75031
97255
23714
3070
93335
49560
2308
51802
21832
95370
91084
48785
76579
5404
97779
49671
80876
32737
49869
57664
33908
35433
40743
15111
83816
99079
41177
54677
51668
45016
49355
96894
27378
52956
13101
83306
77160
91393
63351
9590
19777
77955
59265
79488
41425
66198
48407
61124
84212
31631
21824
38537
86095
77994
37041
27563
31943
78660
77105
25262
43808
63913
66415
99676
77213
60178
78711
79979
19990
18781
87768
81319
2382
86031
58858
35208
18921
85543
19556
70103
26962
86983
73186
8868
46772
38633
9581
17091
93448
99815
55847
84007
19632
49793
33369
40061
30311
50898
46084
55212
39050
46639
51458
5355
60136
17825
85163
59124
17277
42546
45422
77856
50718
30873
76081
39038
54206
13757
47163
42058
14231
99331
11620
20757
98766
47446
5930
12584
81150
26886
10844
45395
86830
84228
27086
24086
38806
24958
62028
14441
18878
42029
43956
4078
93796
54065
53838
30108
36036
36062
7894
77
45335
25379
74678
39816
44274
64710
58194
52018
65084
13324
58101
27461
13489
99536
46087
49420
71886
78713
80276
64326
82158
51561
88587
11451
91468
97239
62796
2172
45804
63572
93922
94589
50879
58097
66892
38277
23218
16953
31491
95892
74162
78374
1109
62208
19949
12016
13658
84858
32552
37726
71981
43349
95459
78810
67622
21225
57483
61795
89960
21162
16647
48170
98781
90706
27645
46531
96934
20570
4915
97427
56987
30279
10310
21148
32159
1526
2533
5100
74780
2129
16141
29933
59473
71984
15344
68224
10615
99841
39767
60395
88331
51162
79567
62997
63014
93753
28196
97355
97734
12336
76500
5776
54636
149
78930
48798
26374
32109
86734
19328
62269
58967
76996
73929
12255
89217
36377
51492
82381
77219
21984
75943
26060
79014
6202
31965
41783
30302
56060
81235
34493
85508
73829
78050
29146
93760
82934
62653
73809
61548
11627
13231
86825
76845
3366
80397
79251
97241
80674
90530
39268
6993
296
60521
72186
26211
67091
73189
60381
5191
79622
92515
56948
17282
45429
41037
95520
96350
91362
42010
55379
61666
6721
44552
41488
49309
24970
82365
35384
25460
21172
68241
91965
98374
9501
76398
70060
24856
16501
34689
11744
80186
37284
14106
62720
94009
69491
64772
15819
46102
16645
72659
36132
91552
97482
64039
72797
63948
36308
71572
62966
56151
69937
10060
74792
92108
86844
7109
2204
99819
71135
74684
2526
68766
72678
72669
58618
51044
10338
97183
49498
76240
61486
10150
21954
89410
3360
63936
24753
24697
10002
99859
84153
79534
8249
24531
12043
61030
27781
75447
20089
18736
57673
14298
49487
7779
30591
90784
98141
60896
58890
9194
79548
94709
57849
31985
91072
96428
52882
92705
45412
86864
70950
21850
26216
45467
65617
3855
97245
87978
18680
82152
49457
79893
66146
44698
36451
66363
41061
97181
25675
13176
21329
32734
34289
88630
40037
10742
13114
15807
14692
38666
94922
39898
28262
42552
87173
94369
83590
10733
32784
18664
95862
5359
7211
24468
42038
59214
27460
1079
49835
74583
49724
94583
45523
49384
91663
52453
3463
60533
59309
39047
29743
25432
63047
11591
81064
74206
63710
36112
51937
7893
55953
29264
42758
82779
41313
11732
86051
43631
50275
25130
66512
72726
87552
64078
56208
60313
94148
25673
55158
32010
57590
39835
8982
63890
98258
23656
98029
80220
25434
84548
46397
78053
60915
44170
78135
91234
69113
4767
7378
20033
37870
49843
45862
76231
50646
4357
63451
54821
23887
92497
12469
18759
58727
62029
18111
86249
51387
62587
62476
66611
14570
16507
73371
62537
15434
1760
29534
51303
37693
53780
61409
23930
78586
66790
74913
31310
8629
17813
24023
39273
76420
50947
82843
98943
55658
80802
62019
65885
4650
30247
10789
45732
57591
55378
86712
97006
51502
53517
32062
83804
39875
24026
90748
32842
98606
1340
42775
32667
67176
7605
85888
99097
50196
58026
55988
19756
69175
97956
54685
18195
7469
55407
3092
56536
3760
82137
32832
11713
13161
24183
55909
85229
8004
67909
925
44623
80830
84410
30530
32927
80502
24765
54894
22214
30693
18995
46839
43459
48244
88579
62865
38539
43135
9665
96498
65680
6804
55803
71883
90798
63101
13932
91787
63187
79813
38525
82253
67624
62655
62007
12809
95045
82870
58562
21705
85218
76017
7244
26076
2795
40183
99067
89892
97085
92480
83834
21279
24517
44276
7703
53582
13368
10644
87934
71227
67193
51377
92262
48852
14513
14807
38975
13493
37136
32029
82815
13936
40834
40039
37518
37743
60255
4091
79038
17873
30626
2121
83517
49493
31591
97261
36869
81505
88367
73379
35712
18584
58236
71147
42156
87446
1865
80111
73893
81955
89336
88874
12657
95398
71535
16926
65710
22779
79380
56696
12907
30860
96952
4238
54562
25626
8111
47635
21986
76079
28195
33425
15887
92034
21684
19346
42304
75887
20311
84267
81682
38637
95092
76890
2332
12128
51401
1473
69609
26602
17911
32095
14989
25874
92709
16488
38783
39786
16715
13447
92076
68323
28757
68286
57278
77577
36053
72073
88281
9190
48482
84088
47209
31356
98637
91086
78816
36322
83035
99137
79095
98281
65012
73578
24886
86804
71320
54678
97130
12880
15093
4827
30294
60886
29204
47745
31259
15512
44979
22352
31674
17071
50801
12167
40006
16744
16690
18074
24169
2880
83265
57897
53269
74313
48121
58821
37022
4107
29877
53914
2507
53901
92600
97750
53900
38809
87859
96388
9826
85946
12700
38240
80026
26660
10913
18485
82958
7480
96370
15353
69216
6522
17901
38909
44503
8915
82320
99438
11753
90307
17446
33190
51051
81302
51137
45825
37921
21879
75049
9202
55365
78991
74064
34623
16221
71181
89384
41769
47462
91708
22741
13960
78440
54271
28699
28485
6038
72426
22999
46285
72177
8781
53526
16596
91011
43398
82273
80152
71349
49315
62618
99299
61714
16175
20238
93897
48307
54702
78620
95043
67940
7741
39751
596
97379
14202
51319
81747
75328
61431
61411
58107
24536
16425
8792
79003
83952
31274
52550
94371
72698
6770
94431
96475
68676
52264
43997
85589
41735
83820
41796
55715
96697
30862
10903
43099
19458
15332
35900
61726
85034
30375
89879
98069
28576
1301
50538
71358
78462
78931
30496
64778
23110
3804
32105
37185
1681
78404
50841
1902
87615
24501
25222
66685
96491
224
73855
17073
32139
54502
58925
52993
76678
87641
84346
59123
91932
37218
81989
57998
46076
11556
42772
39769
65013
5922
47724
1758
1085
91926
52800
36419
89330
92179
88399
95829
16455
59648
11845
31754
86347
8954
57962
13237
92136
62535
86800
48805
25170
84037
72121
95990
14452
46891
58289
42296
56171
14200
61335
41381
17971
51784
52043
34230
31698
35668
83415
40038
68875
97716
77561
98844
38402
35718
59271
84297
26224
93774
4030
31545
97826
37445
18208
52987
91197
37528
28046
93945
86639
79678
67649
49820
98372
10829
76948
77524
97836
53318
69579
9743
17568
59946
52447
76864
66100
5440
30177
29229
39445
85402
21627
99532
2435
23001
60452
49564
33710
66074
57825
25686
85864
23759
10143
40870
5978
63797
37760
82570
37061
9674
58399
31434
29297
45235
93254
20783
86311
10106
28475
25693
8976
22069
96890
66294
67229
1483
97935
35455
12516
40706
37026
21217
42434
50738
38592
75311
57311
39114
31593
89580
40769
67966
13758
8590
7066
10968
62768
72747
52582
2762
28822
5382
45904
25836
24581
36499
73544
16838
34021
44773
97036
88890
38776
36392
44785
10784
41186
3681
5897
1854
46938
73397
31750
22049
8912
33383
95386
57700
98790
38836
39534
75363
10082
77110
43702
25776
91919
88322
43008
32345
4718
72349
80531
24583
94459
13476
35026
32402
84632
38470
84152
18691
39262
14299
42352
86962
22595
62080
41527
7196
69266
60221
42261
38465
62684
86360
7245
2487
67076
36581
36138
38163
69351
58021
11039
79037
24705
32327
27933
49426
82586
56531
39218
15749
5210
23784
18452
27609
92018
78413
49634
42285
99102
6936
49436
93952
34211
85811
36774
53985
46848
50995
82217
75988
7526
45004
50987
11644
36879
53505
73885
42158
43034
68400
70364
66036
639
88816
52235
64128
95703
96751
11628
34826
46401
6230
13091
56315
27665
49977
523
33968
80272
50754
39683
7086
75935
81372
59360
26933
39122
43483
70882
52857
95201
14103
72321
13492
88335
90830
81074
37822
64034
4685
10512
21733
71986
92102
12096
19515
67607
78657
88122
32056
52980
66329
60209
13538
46540
47176
72295
80620
64859
60777
15109
90123
83405
48333
55347
4367
82404
24228
88574
66669
95943
18113
28555
58708
8769
55929
33141
35217
84607
81513
38204
56439
71371
35084
81450
83918
53059
15385
97030
1764
54240
42451
81262
7392
21732
67396
84892
16638
80881
47472
91594
58707
33
75004
77997
65336
10447
98629
1724
56904
49312
68108
96793
71838
91564
63158
80280
92064
74158
86453
93929
842
87191
13390
26631
47618
36109
45705
60817
17994
47756
51995
16236
97534
5134
63350
45588
17547
18603
89529
29662
77592
9549
17086
80791
52463
17331
54878
40641
84239
45135
34724
59579
72737
63764
42564
87765
51887
41288
85687
40940
85512
94099
26880
41062
39052
11426
43193
31138
97776
65213
61581
16582
52212
22107
50438
56107
12745
90272
10563
45703
56841
37909
12325
90645
60710
26854
68398
3037
82331
39066
23900
72239
89009
57967
57586
90826
10360
74096
94947
18753
79063
68847
38282
68934
24178
46602
14246
14219
70453
83666
61669
48941
6755
28314
65221
59417
86241
5710
98285
53740
28983
27064
67630
11457
19036
56057
12671
27024
4007
75914
9055
68497
94551
39502
93347
82372
7166
91187
6728
3084
90156
56525
86954
25342
23458
17245
94881
22201
58036
24649
27417
65686
62772
47909
79917
94903
40571
31691
47508
64867
82824
49800
89211
7543
27526
74828
34749
47543
48581
47302
20522
65052
1887
15258
9137
88766
90283
77759
84773
52718
40222
48616
49648
41522
57205
48300
59736
29530
61165
46713
52847
5594
50192
724
4872
5980
29083
48544
47284
72743
84233
35029
71297
46460
96212
67048
37551
80689
24638
9049
73351
71681
9532
64158
78536
99947
98528
54860
30034
89062
93051
43662
31377
7305
46835
13125
11182
13382
78125
9412
92101
72589
82366
7648
15487
76146
44853
94874
72263
68346
24701
7027
68276
61372
91178
54255
26722
14266
69529
4202
26349
8718
11219
80506
99307
61087
37721
36300
26934
73490
15616
13950
27795
89642
39651
20544
38231
60740
28860
16437
40434
63592
22443
53215
81251
26756
77590
92093
79779
6714
40176
32877
80987
69860
10950
51940
28421
30270
84191
34683
33410
52327
58601
12370
86567
97431
58523
51984
16161
328
53564
29717
9548
18311
78391
81292
83299
389
37945
53470
36697
13918
94253
60097
45680
63835
57273
50396
85678
14358
97009
46940
89989
21963
53116
81780
73881
29121
63077
34392
93298
78001
76932
54325
7467
32098
37750
11600
37745
45868
29154
63151
27126
90097
36566
59268
94372
25280
4455
88051
89002
33450
76779
41818
29369
4265
25067
17815
29541
91404
63570
47465
8679
55257
48672
33742
62268
47146
83967
50807
14736
47740
148
31900
35180
83642
58640
13239
61691
59267
6666
89038
25361
39621
88910
2347
68860
81737
9936
49175
22423
95289
43024
39536
80321
67189
5487
13186
23905
94071
27073
38178
38662
53617
45438
3022
91235
13229
3014
21520
94405
89993
37665
48126
50294
88713
64711
30335
45742
62847
64132
18413
27908
94737
60851
91625
19921
82850
74668
1356
52296
47836
39809
39182
53752
62390
51998
24830
42724
65248
99227
56752
92328
13360
47319
49749
82655
52049
24280
34294
26052
20045
231
18782
58540
5977
5121
80354
66207
73910
38770
91024
12463
31124
46968
46794
53276
83480
79267
58337
66710
95204
25471
32532
9392
15005
79357
44953
91425
14438
76467
18295
71162
91572
79069
19518
57837
76624
27824
29945
76206
23694
94767
12157
2154
27234
64879
27509
23822
52604
4144
71214
64110
387
63236
72938
41817
71927
51379
94824
28045
59297
41719
71075
91914
94242
23762
89267
66976
88155
15151
67700
3793
89162
57425
6346
52486
21607
36536
32152
98022
90673
26856
92959
61708
45494
18824
44766
17833
95789
32887
33177
46416
9897
3377
75295
75215
93522
92155
59089
47622
99136
13523
60131
79181
83520
87179
36452
95657
54172
6833
39817
42245
37723
80046
17477
15971
63096
85300
63730
96524
18950
22558
71076
52054
77341
39477
84370
75274
64515
97463
68472
24369
18462
68038
22152
93848
69810
88727
25555
82118
79272
87924
22689
23454
85650
78276
11292
53440
96512
36912
8600
70879
5307
72119
94748
9256
97460
63322
76107
70790
9993
76972
46692
95165
74266
71154
78119
11456
51883
67020
4261
40969
37606
7924
43100
38505
39109
86099
72472
18536
46400
1691
30262
80199
56667
40613
76488
16159
94683
32928
61651
6905
75099
43415
12801
59969
48587
3644
69430
54207
70405
69665
31552
72906
74390
85851
66663
38186
59720
21472
98360
41865
63812
95656
59410
75618
29206
18116
3446
40872
63871
25768
67812
61369
99175
93799
67291
57221
35280
73934
65996
58070
66311
56576
14360
69265
57002
26082
62236
66029
13885
81519
67639
66309
36991
53217
25972
68567
16558
21030
35283
20321
68383
69364
51511
78596
95776
34363
23219
39439
39647
45528
95118
46664
66375
52332
90250
38304
97078
2485
45723
96577
79320
72364
62370
16235
86391
37110
69143
60759
44910
67951
58745
76801
31093
23902
28101
11508
75551
69575
86055
99785
63041
14311
96441
61616
906
41302
51614
83638
85570
78913
2707
98408
57223
45272
82694
70223
40949
43054
36165
59020
30232
66822
18577
13815
47998
48695
65934
18803
20843
60615
7128
97108
65068
88429
8578
94793
11513
94841
39753
9028
93890
10939
85056
89684
83109
39391
59685
16480
22585
38613
80517
24051
80364
7555
62448
56891
75606
83603
44524
28177
7080
70531
39826
17822
6979
54866
28855
10291
56939
68730
93495
34921
9761
2389
65671
48541
15930
80453
6852
91522
94761
96284
55374
76454
86709
65480
20986
75135
73407
85930
37895
11564
68438
29640
44340
652
88556
60518
37143
56679
21075
17482
95221
76104
35706
44345
37947
27585
17065
31994
50560
77337
15299
7496
84445
62867
26569
53486
42820
4419
5705
62953
76222
38322
62681
51910
44861
9296
72748
67138
18289
55327
88305
7465
60392
53822
77940
46967
97091
96079
31421
89105
32975
1711
27856
98868
87746
39960
29527
31860
45023
54337
1438
6052
5130
98415
45738
48867
68790
8575
29469
67013
28109
69244
82917
84915
26720
48625
62869
37610
44657
65399
82111
80909
19220
19975
99113
12234
11325
11265
46985
98231
95903
55438
90234
24115
874
37246
41354
63073
30138
35500
93103
51360
37299
57435
52646
3464
16759
63768
46372
73739
58706
54345
62170
16998
34169
3926
15922
8152
471
67667
98562
72638
44445
50872
49417
54339
2808
68072
7002
59604
62165
93974
95639
58671
59163
74009
11647
28667
37996
6638
30965
58203
55323
6617
40473
42009
99084
63574
34966
86120
30458
38622
76186
44583
83379
18198
44515
9688
58740
46863
72095
1180
72408
48164
1164
22141
53846
21575
75593
72491
14076
30061
99593
9125
50279
61408
36705
38166
796
79552
98983
93512
28568
82096
70869
26285
76800
44303
4136
73932
37613
38160
32972
16006
41648
63842
15183
45554
52019
27892
73774
92978
30454
19953
11226
27661
7659
18353
88573
34396
43528
89338
21769
45892
73248
48133
85393
95422
4017
91109
82629
70700
26280
90231
65001
37952
98348
74574
88171
3040
1004
47928
20704
49190
80935
68199
83052
87246
11576
70089
24406
897
35195
3661
86613
85243
63429
26420
8818
25915
19470
20453
82041
61794
9784
25740
2391
43616
53799
22455
94105
68507
43424
96041
18788
55130
40798
43405
95666
6848
17676
61033
95405
54018
46854
73615
64873
85008
3218
44102
87262
72947
35622
82371
58972
30105
76762
94510
58267
44292
87102
88091
4858
44734
61120
19240
76235
68594
23184
19273
71915
9108
73509
19471
50791
64280
88056
25286
21175
49743
61608
60416
16611
16815
14871
20108
21571
6374
570
52523
19910
21280
11318
12383
52303
23384
70762
86243
68519
55876
54108
86685
491
58791
49804
47227
12078
87675
83825
4049
16885
97781
24555
26768
30570
6308
7538
364
30393
66994
19517
50313
15078
62041
6443
10368
78799
98679
14344
37386
20620
81551
84010
82588
54017
52943
51263
4280
2561
20449
82809
26350
98731
93800
6359
52833
81609
48760
43322
24419
72253
6063
80434
78784
495
26964
89714
44695
87473
33830
68849
68786
87223
67180
534
71782
24351
27532
73764
69365
67731
94110
95509
53295
69988
64051
98304
78917
84885
41245
52140
64375
97528
73561
82191
68209
36772
92081
52734
47406
72870
55872
74886
14427
87201
2163
42482
40350
94673
61854
14045
95176
47453
33077
82079
47002
21715
21071
47392
28900
72549
54218
45496
36978
79068
16505
22571
90874
80381
58458
52968
49482
97067
71270
21215
81721
58366
22740
84638
87769
22436
72393
90115
78355
15070
99107
88150
24968
3110
65370
70152
91691
7647
86443
6370
52964
48402
77618
44722
91720
68474
54967
66306
4805
65612
7898
28980
51989
18224
50882
66772
7484
10519
30599
92650
24653
76754
4853
69231
36335
62218
82585
57824
2176
74134
29948
58517
23834
87522
72656
7688
3683
72181
90814
9776
19016
96947
17204
33079
69495
85722
59479
48511
64384
12791
88664
30682
82000
53242
60989
50835
63366
48334
4854
61020
47936
12186
3044
30304
9382
65923
39926
31114
3604
36577
55684
32509
27808
19821
31419
88214
32634
79005
26056
13410
77537
45852
96982
50236
66783
33199
7430
66596
9777
47681
3648
16504
70695
28150
30219
84416
86594
11951
25328
19298
9780
37737
30528
60470
74637
89250
68317
86461
466
80511
2784
33554
43558
92379
11204
54957
44107
94753
7304
381
26658
39099
32764
79277
88003
36529
25312
79580
5243
46428
45769
35088
86540
80729
567
31595
88950
23440
11898
90856
90637
45933
69906
86014
94300
30954
69056
74515
21859
57204
48613
85762
74775
9976
18470
45065
93235
62273
90516
32273
22479
52893
65040
32090
67880
25966
28343
87608
64975
55674
66162
66990
24546
41225
38001
59277
79546
63490
37754
29655
77459
8444
96027
17725
93560
34042
69092
67439
3865
40266
21642
96128
88555
37305
26439
73999
80029
56104
61005
15125
22421
69494
5643
3563
20612
49197
39585
55800
21980
84523
69058
32707
52206
5241
15003
77209
48778
2396
30184
32205
89293
42049
50148
87880
46158
92171
95761
88442
33035
78354
61710
77233
55026
44267
20961
51622
90895
42032
42443
22570
46419
50503
94520
16246
95332
66308
58509
98644
75107
25893
14152
16919
95140
39410
78224
36380
9500
61477
67390
7072
71158
55216
700
59830
63480
17069
68045
78523
92287
60482
16747
28933
2467
34565
97479
54402
25407
71220
33437
74864
72965
30612
25163
77932
49037
46283
12903
26793
63059
43578
17341
87169
78979
85353
30027
64001
56115
94545
4838
35054
68374
48167
37537
73776
12477
32225
69276
87225
91076
1401
60249
71955
82966
93482
29134
32084
31196
47369
47288
1371
93875
92395
45926
69719
73237
57768
88545
81100
56186
93994
33812
84374
65836
98505
46473
14111
60731
36225
97531
9024
11709
13734
1
71223
67358
94572
25989
94496
23215
15064
14327
70512
59777
3796
23664
4348
20442
40547
10910
16980
64387
88742
47716
19743
92787
4386
60757
11405
45712
4122
10871
32147
88092
97265
49505
45001
77835
66695
60819
73792
82328
91547
285
20741
57165
44918
79846
43845
52317
56308
5258
52680
29775
28915
31937
51173
24493
32701
85529
83400
21447
95129
75669
95162
73482
22947
26662
13661
5218
7429
58656
72219
33396
19533
92517
7909
37616
30140
58041
18381
48698
22112
11190
69443
45165
99376
10417
32042
28017
65608
58320
83438
52699
76120
35510
52602
91466
112
67968
37649
91078
94469
54656
57103
78549
58270
53731
92281
53112
41577
86280
66246
84179
8574
775
76730
89655
45312
51208
63840
59668
8940
52292
67389
24449
68085
39435
2852
37069
81520
96390
99734
18434
39095
624
79200
11822
26567
98541
31921
85067
44172
32211
74790
24824
12779
45772
44041
57051
48376
89910
18040
62148
75179
14891
85890
8425
14301
44400
63215
55762
94146
98789
37671
10541
43062
84512
74293
51792
815
71948
94696
1497
87114
10558
51371
79688
38412
47828
44725
78281
50921
95126
94185
96560
60600
13561
62547
98465
76435
3324
6854
45407
41742
27876
14163
20382
51900
87600
60833
27018
79275
42267
88757
25081
39608
46560
71387
75255
62619
3629
75938
20184
81866
67935
71872
97508
78179
88952
69381
60323
58214
80426
13913
86643
67928
33855
66143
66269
31764
14718
30113
1049
60225
85830
13490
2480
67554
14307
56030
54826
88575
42515
62934
8091
22061
33619
9694
36638
20641
34311
32300
65428
47331
34401
26625
89579
78965
36113
46292
20310
58569
55352
64069
93106
95641
37367
59453
33033
85708
5963
28898
91968
85028
4131
17404
69065
78544
94284
47592
48910
50418
78021
96338
85451
2386
10165
26299
15756
82443
98078
55732
19196
9995
68350
43430
1372
2798
27412
79259
1416
26179
79682
62280
11573
50742
10451
40260
95250
14500
12870
56553
47814
80915
87716
14715
94204
69378
34193
14701
59305
63827
17066
36643
35806
78922
98910
61202
83724
77741
27515
46935
52405
18465
93202
36302
16604
20384
21129
48078
63782
35337
63241
74720
1546
63075
19742
50582
85550
70058
96969
66725
29075
72420
98525
79889
99428
83770
80753
8229
33685
19217
8023
80014
15333
1179
70717
91322
70797
91465
44630
97790
11712
2482
17384
23183
27051
13217
44409
67837
20594
48435
69152
87763
34003
78428
20221
25571
92605
29606
62936
17969
26188
59997
3079
62525
4555
93035
87075
96543
32699
62510
39339
4413
21435
22303
92554
86706
31525
30229
95392
82962
707
13055
5989
72252
42568
65239
82828
48649
98902
85669
62078
80676
24521
18180
73582
90340
60239
36812
28416
4283
53963
37902
42453
13166
48891
36658
28856
23341
46825
65466
31139
97373
89195
86171
9164
81930
29286
96346
63485
54810
96032
85481
84293
30567
46481
42214
92436
97762
82156
23306
53767
62039
34678
55517
88602
80261
77844
34625
67342
733
6032
3937
68911
48024
78633
5096
18234
21669
91482
43758
53960
28095
68508
3376
26152
42946
68810
85115
96634
64208
84605
51782
6642
96552
94943
77366
24840
29647
23230
84043
14356
48439
58864
49443
43170
88118
49380
61419
10383
34305
62517
8494
24967
30052
9004
82153
83133
67404
27541
26363
71113
83535
89796
61523
9490
37371
53148
45654
50860
17959
27849
31454
79926
37251
56533
7896
75469
89865
42182
94465
74312
78196
43155
18888
47411
63356
7249
81566
9429
74359
68390
14837
66688
67766
18724
85665
95019
9960
64202
42334
33626
96709
28271
20237
99025
24350
18133
27183
69762
33232
23251
33375
83117
77450
69083
73225
9152
25669
91892
73211
80714
21485
97897
11560
35924
69071
79588
45585
44471
63222
82965
15717
41906
12394
32080
61468
22243
21171
88278
36073
66374
59695
95288
92691
67574
61816
40320
55195
56123
63845
65276
19786
21800
99465
10585
36919
23159
8
45225
1404
15191
80357
33566
9393
65388
88935
55491
31861
7945
44024
81208
79751
10684
89436
40016
82230
11897
12055
75663
87096
47781
49627
7024
45878
16523
77762
70369
4676
90420
2017
30129
92150
1509
28002
709
24277
52012
93594
66586
45119
66656
22508
17378
42020
59669
31879
51714
91898
46356
88450
90693
9413
31571
72671
51647
45478
4642
26534
61328
37989
59398
28384
67635
16929
72761
63031
38506
56722
67238
2626
82460
68080
22935
25105
1419
14070
1474
7687
86716
36585
75868
63724
95767
89518
73553
34792
18621
83286
60271
91280
99256
96424
71435
51727
25446
48235
80193
96321
40059
18313
26039
3252
75747
30150
15336
34375
99360
91874
9267
34552
88452
74665
81898
62912
31692
86328
80496
86981
9971
20271
92141
45043
89899
19619
70150
77146
3792
18351
49431
51702
32676
12867
91487
74086
16162
23537
57175
53830
9074
36997
83592
94429
26326
89498
24611
54741
11089
76173
25811
36903
7617
84833
3455
16068
27699
78085
67371
98480
44341
75829
29545
70952
78100
53524
21789
83064
10463
78974
70902
8133
52898
98653
6497
49386
42240
63781
10182
69607
53661
47699
76654
65784
83725
58956
8611
33000
31504
77272
2352
59529
71409
7794
1195
42043
16110
17391
66456
94076
85051
63504
10977
18639
73051
55860
67845
98098
84478
1033
44151
34639
47860
77851
46041
99446
56465
6975
12826
89986
77933
52162
87379
28528
56731
51467
22446
1940
54379
76042
55976
96538
46606
58235
96479
2538
97027
442
90985
49232
14965
23718
32773
8657
97426
63553
18201
37713
8607
99444
87752
32295
77816
49949
4408
60506
66661
91236
83433
41599
67009
29936
68431
63654
11701
13892
32270
40004
79373
31794
69838
90374
40044
88497
93832
22427
13284
32543
30186
32739
67699
85129
40340
40788
27267
85061
86103
93569
7235
10954
28219
26087
49069
98020
41402
96177
98005
41888
21053
75153
62707
43251
82308
39440
46334
56096
62239
50924
77489
32400
59805
18627
65366
67681
34031
87187
55659
16205
50129
25676
93038
38852
12524
45871
15399
60289
92036
56587
39678
84318
8622
50528
41722
76711
84738
87592
23932
37894
25125
12140
90174
1231
4319
44289
3795
88865
61756
17702
62670
12709
81580
10880
93373
37944
30263
87715
85775
83945
71257
36876
53044
10730
47945
88933
48181
35291
46598
74127
69695
62053
81618
71672
9161
17473
60620
11087
74161
84747
44820
9230
71729
86616
96633
21919
68079
82400
72311
7492
83185
70689
82525
18242
49393
79202
70582
35345
83662
61753
41951
60304
94807
8088
95233
46618
19837
27425
48791
29089
5017
38748
42565
93677
69405
6977
15489
49411
93407
25617
90741
59119
30401
48716
50392
36275
70274
56053
63148
76983
71836
38668
87794
55431
17774
419
80245
28613
40631
57043
86799
72134
10708
41905
20575
75353
37781
26563
42391
63497
32836
73858
10439
52802
40111
81579
25577
21929
62142
18029
7473
71718
54890
21321
50207
26526
70527
3708
9858
17344
73395
41666
13338
56389
99932
69149
30640
63604
74275
92811
54105
52592
75536
95049
48599
25321
19114
9257
66106
57539
1380
18837
29784
83513
5376
21886
83674
3939
14554
70008
11539
68525
65257
30630
43167
54981
73671
59067
88299
78975
68377
40465
30810
41060
38710
64545
12377
2321
1617
5148
92426
8939
34906
62851
6712
30087
20012
8129
58375
58525
95672
15773
43591
79938
61796
84775
85361
78339
60038
46206
71716
71880
1139
45969
9186
46888
87064
22489
62297
29940
86114
88386
87160
99881
65642
98390
16260
19557
28020
19689
76059
19544
36740
38841
12949
21812
86469
88174
40723
6040
3846
33270
45557
52003
27121
9473
41840
48004
27166
30564
74982
5381
12650
57696
79816
18505
8519
94477
19463
48635
81221
16055
35340
33147
77204
48922
34852
36068
87057
97477
15340
72367
6066
17358
90681
39033
13445
26115
96987
94857
69290
84103
32255
86697
62160
80315
2733
83941
2359
8963
29030
63412
9627
65470
54868
61077
61662
61881
23732
59532
37924
54914
93402
78095
44502
13139
13357
53720
65296
47182
79571
96822
1845
38019
5020
21805
86999
25937
83391
75594
30950
96187
97825
54512
48674
64292
66804
95988
36249
67634
99804
2079
63908
29722
99151
39863
96460
2687
33180
59015
97305
32624
74688
26333
23029
74826
93846
53874
6360
80265
45448
74910
83439
80155
57233
55255
36675
93636
75903
48688
85464
65235
94048
34129
58347
62258
28738
53313
48902
66164
51560
17271
26785
83524
43543
20749
43112
787
32247
71584
29457
70044
38699
28186
21502
1284
92658
350
76785
45036
42927
33304
90983
57455
90847
13362
54465
36594
8936
84816
32049
61992
49382
63583
71185
6104
37189
21754
43109
27439
9047
34553
61734
84933
88964
58932
80559
48288
30265
89953
1392
44356
74749
17655
31899
94891
23733
6949
7078
27030
23496
4530
38621
41538
88325
49991
7556
6495
24430
35186
93756
20341
16613
30123
4057
37815
44442
40624
93109
87034
14910
6302
347
13346
19590
68692
71890
13168
11622
84778
84165
45898
62084
55286
11833
36139
8172
55102
1690
9173
85538
47865
74240
99876
66825
50546
8686
30594
38904
58250
97773
95740
28771
73670
98780
28509
49806
44803
53584
98521
40935
83325
59730
74799
57726
53232
77922
53236
44195
48578
26746
80169
46333
25489
51092
86495
92732
1683
22944
99098
24022
94200
34756
80103
39127
23631
54008
36331
69105
76873
60519
89850
45524
38317
22683
73272
33042
16404
18611
49722
88594
53007
19774
37162
79343
72422
76218
39590
33188
75846
2494
94243
67738
356
53595
37503
35264
58252
34452
2757
10202
98160
21914
59887
58128
37810
13781
41841
45245
800
50374
52041
98192
24717
49526
60897
89333
36514
65994
15477
14722
48998
38105
94326
83076
59080
8923
96657
2414
98948
192
56693
52083
11578
31871
84243
68697
88321
80348
14062
81704
3754
18078
28313
56797
19846
38886
53113
51355
4145
44253
84101
76805
38095
9594
44371
81387
56279
46969
93441
69167
25191
22195
55004
878
49093
23388
60208
98062
92118
10736
53197
73556
72646
45304
64088
6563
83923
6731
5788
92672
90347
17599
11481
82135
14961
91348
67974
29231
58092
11961
28053
12081
90440
78873
64866
66756
62242
49769
19983
95383
37925
43128
25849
57046
53316
3387
56166
66009
23460
96640
19558
42661
13559
38437
289
93242
96386
58634
11208
68939
72762
55369
44937
37170
98514
76866
24893
21314
97250
82166
69137
51646
72907
74076
3341
47856
63089
68368
19922
38856
96732
93289
63944
89310
87394
67184
29789
2589
8951
57953
36627
20708
11572
30662
6422
66432
42801
90233
64576
79266
2968
91582
11909
19644
60919
82083
76016
53297
56232
58066
90102
77068
15574
76080
40031
49589
55402
50173
80275
86820
50191
28919
43655
42129
12527
28345
63278
56324
34932
54087
59582
34965
28531
20660
72390
57265
8633
18817
12640
10132
64963
75629
80215
77639
7447
51370
83542
82028
78782
15017
54038
37583
7219
228
15845
38492
93377
62969
68771
84094
33494
45164
11150
50079
21752
39276
97967
70874
5264
76210
98770
46980
20028
16886
62747
29830
24727
73595
20445
41420
13211
92613
76314
47378
56408
3273
93404
60769
58437
6926
26116
73259
77934
38394
20131
86153
23081
69714
19249
86875
22092
44863
87425
92266
53394
79624
78057
86673
25905
71261
74894
70329
94963
91182
75111
84787
14518
49293
64071
5832
40668
67752
13144
16062
19167
20277
22066
51056
334
29962
64643
82466
22549
10271
93739
55759
51032
29666
31131
68538
68879
55420
3642
97041
42204
82392
58104
6647
48927
30205
25629
49155
56027
7046
70754
8716
56609
21297
212
27843
32760
69052
24929
12033
39303
21011
26633
7831
28781
88625
74284
60814
6526
33895
67094
3325
49807
34155
20336
16674
318
12289
77789
61472
82686
81854
26957
2989
71682
26133
24230
56061
60724
39140
1850
33651
40566
62324
26282
53363
87184
16243
58849
72514
20402
10513
85791
50618
91457
64226
45980
44992
17846
78964
57166
84942
27155
66673
87928
45218
57124
77708
24743
17374
82211
77569
7539
53769
19223
39610
85096
80347
11516
53177
56629
70128
98966
9365
81000
55725
91927
57993
7143
61678
21737
36237
46916
94853
6231
86565
45013
23927
58845
52334
47028
36746
70562
86722
89184
8975
82511
85521
21968
88485
66852
79988
62108
53298
13488
36622
63191
80326
38332
25155
74338
76183
58298
35625
80410
39356
86227
22964
73082
80176
57031
45678
57648
71203
76342
92806
56385
11698
22312
87180
79802
66425
69683
54153
33413
134
51427
67272
46493
66119
44884
4709
19468
16338
19539
94550
1260
68343
79879
20419
32566
27485
43124
6535
38214
6709
32354
45424
43085
53690
87661
77001
7613
64579
8521
22025
99140
97471
68490
12652
75554
61644
62737
39843
25917
52224
18916
16426
93071
83896
62994
81696
36870
12020
96621
45689
17492
80801
28702
47322
25796
76359
22481
69148
51935
8173
96342
46199
50039
87785
64323
53715
41867
17445
98586
56066
88923
32261
9027
39023
38280
85429
55477
32656
42000
70669
41445
16948
14742
89354
41192
22951
28701
65286
43579
57828
559
18754
22320
24855
92779
30010
81026
2260
67779
89360
62444
70739
74102
882
51615
62550
62171
12838
62262
5458
4840
77066
21073
15917
17038
99768
53140
93706
92469
19841
5527
5837
47749
80863
16395
88679
13085
29576
50229
36184
55815
48757
52960
287
79098
67374
62322
15571
295
53580
11240
503
58930
36519
59172
45021
10164
1730
25624
80329
96821
55563
55092
17031
45379
40507
99095
82037
96324
22954
32033
1155
50398
89102
42284
10013
41678
14391
64852
54832
49060
37087
7859
70639
45978
59303
30889
55934
56329
90122
39404
81509
79377
9975
89514
40461
80279
18927
91449
9432
1919
13016
11192
80698
46850
11887
42676
86704
54753
97090
5585
51738
41646
6570
38573
40902
71990
89999
77038
69252
51330
48192
30424
78686
43057
53134
46293
62838
1269
12223
23990
53303
89380
23536
46907
89348
86091
26071
94178
38065
10449
35687
59606
69603
82955
65090
23816
53001
94450
97572
54152
63921
24874
1427
1635
30641
43526
11050
58829
70101
80905
58818
31568
28193
56892
53857
601
25225
32203
75998
47762
96162
57197
54136
68524
24417
76052
45550
73030
41771
16355
68794
90487
33352
39778
69639
28969
29427
7311
60295
46469
61933
18238
89582
35529
2408
82254
3495
58984
67875
75261
64023
51889
97137
56462
97833
75460
31564
74218
79964
87663
64605
41355
47795
68598
32462
93215
9445
37615
30162
76623
13858
12478
30813
24751
18592
26248
43017
33219
63615
8395
80213
46267
90591
70890
16415
1026
4086
86766
90906
66633
76241
44529
92260
5636
35256
14430
92211
24723
20431
39759
25694
4438
40265
57875
30667
9720
54959
61820
41480
21029
84219
31509
68783
17415
12385
84539
18542
54185
67151
39359
58964
40500
87595
35912
72741
77578
28263
23908
79831
69718
48331
17230
14183
39958
84303
39153
41131
9083
51791
13729
9421
34259
68653
20002
66365
87793
38962
53545
71650
61958
81177
15514
37146
30406
81087
29235
67106
78018
68636
86720
82115
24865
96230
23199
62564
87977
26801
69874
56516
28202
14341
41707
18283
78672
1302
74067
8688
8869
61068
80021
11432
29714
87728
49192
52974
36698
11978
51309
40219
47764
60491
77330
54290
12810
82142
77207
15855
83247
95123
87347
40971
89889
22767
23264
54964
51663
77971
46817
57427
68642
27990
13278
15552
45027
78584
73614
49229
14226
80350
82275
58758
7729
60150
98461
82033
76484
8527
95616
15292
23156
7318
34936
37175
39130
53842
24398
93729
64376
7858
37680
57094
19385
29805
42338
41215
96142
5944
10949
23994
19386
37113
31200
19160
85437
26493
39176
84244
90808
37338
13662
6306
10790
21012
36542
97115
28385
33310
26737
94276
96492
27144
2546
11873
4806
9480
68133
57890
48267
47886
11396
9400
14410
12017
2409
73414
48001
28432
28072
59620
63194
81978
58417
77348
95622
14372
11747
16598
68906
69708
14086
2895
7724
52354
97226
49008
94929
61748
76372
76798
66648
22219
51018
12501
15265
19903
44632
94504
61864
19115
16027
27211
86666
65900
4092
95020
53932
38005
19263
92381
69257
90583
71619
69446
27888
28212
85693
7823
20068
97413
37036
13054
36332
8825
36120
48838
57499
47843
59934
49181
73165
3861
37854
33320
9824
49588
23093
51425
87303
77596
65950
98213
31941
23031
42218
66820
96651
52258
16900
53147
60637
13695
84323
17734
35355
73294
14042
84700
77660
27865
87912
98546
66081
31393
56823
8005
12895
54616
1317
48615
29644
17495
1176
26509
39354
6152
50281
87987
26367
23826
71835
32422
65884
26838
75857
92116
90622
16792
14403
27507
81851
36819
2027
90099
86609
28352
10454
95901
44119
15446
65774
88827
54191
3666
15201
83070
25568
4571
90093
80073
75858
40568
85387
88311
30767
13002
65000
23913
12865
66732
68837
88907
63589
82297
80263
95469
84368
33197
49622
96827
78539
40871
62799
8765
27160
14882
83075
27510
75784
26676
72742
64952
80554
3478
39067
71514
37912
43421
7146
27986
25110
22269
2241
97152
50714
1552
63779
5795
86566
51666
45812
99202
75140
5544
11384
26570
80314
93836
87771
41966
76292
49762
40056
23246
85923
50598
6128
75556
35325
95693
68627
31290
23397
83914
504
62234
41435
82517
81281
74193
29061
53425
30725
5657
61216
60545
61070
37695
99667
98625
41998
44835
48400
29002
45059
36074
7464
11236
73087
21902
83107
50234
8571
91884
86092
52055
97592
9898
5373
54674
32193
11862
34153
38263
69462
47571
75584
69150
87520
66334
64135
82683
67626
2558
71313
7619
52666
77849
17733
80062
47474
4232
18907
60231
8908
32342
24
39326
64502
70434
57158
75723
62136
47143
33611
51275
15761
13013
20040
6287
94765
28678
3474
67564
55492
53198
57403
55891
10181
51278
12273
1864
4935
99809
12837
60997
19402
63279
16386
51655
6887
14649
65021
48770
70946
48766
52765
84044
41607
45521
97109
39160
26315
70205
67239
19489
16369
81768
1325
74365
14306
79776
47348
13323
98826
51135
19542
13813
3275
27078
44348
98698
60207
16295
22222
14143
67586
62033
94939
79957
38407
70548
47991
39874
11109
4435
55971
97861
89719
86637
74348
13572
18944
4777
35290
36518
60984
93390
38083
53058
89365
48900
61567
62907
42133
72257
77539
41612
66348
8288
86277
58076
60952
71668
18130
87068
52806
585
24677
89089
15679
79454
67263
99584
13426
41388
56822
65165
18714
28518
22861
62956
63543
44227
90436
38520
79847
31444
23265
9910
25814
20739
95022
27445
90842
75444
14765
93807
89697
14057
27615
330
90934
54000
42664
6249
54629
87143
88729
17970
7105
15561
74
70477
82703
55911
39331
58496
93918
83045
54223
75567
82483
61862
13764
65516
14745
77663
91718
46069
6614
75547
10066
78217
91656
10520
31894
65794
25136
30604
87410
97062
69870
77418
45633
94402
97545
69027
22189
94689
83818
50080
2011
20840
63843
66163
64200
12467
32133
69865
47746
16581
43798
9462
9974
33092
51094
3460
48051
84275
49750
32839
92916
25476
96997
75257
38339
83680
76068
77824
70247
51694
63510
48678
50786
77979
16717
41359
8333
55794
7485
40474
67412
98745
15211
4111
25544
78183
24118
62518
33440
71522
69402
76804
40372
84940
18438
96317
86467
3736
76851
40254
80417
58332
58996
96124
76905
44571
98885
10702
87355
17977
94239
46149
79279
44238
33522
61859
75165
75863
90292
69041
64491
36239
93489
76340
57703
66797
59539
17760
72099
70845
24083
70685
95255
18509
87790
49288
22914
11202
13835
86870
59147
92993
90145
87864
43727
57281
