1043
302
3412
6904
331
9559
8968
8400
1751
1038
1414
9667
9529
762
4459
735
9977
4446
9854
9832
429
5100
9760
9563
2157
7382
6474
7593
226
4305
383
3100
5932
7269
3841
8135
6778
9358
1934
4565
1477
1313
9837
8388
7678
4754
8031
7101
5629
4722
9117
5700
1688
5588
9168
9995
7344
4681
8961
6095
3217
4830
7275
7999
8619
6241
3715
7880
4056
6765
7406
5752
9964
9762
5549
950
4631
2092
1246
3464
8316
4301
4875
3887
7484
3379
4118
392
8779
7136
894
8061
5745
4007
4032
5964
4645
9020
3168
7375
2339
6523
154
8043
702
9948
5402
1097
9914
7677
3718
2180
6931
2031
6250
3210
719
5956
7347
3737
1981
7803
1350
4352
7320
3041
2095
5805
3784
6445
2141
1332
238
4931
1295
9264
443
5525
736
6997
8545
3283
6463
5766
6194
7464
3995
4266
2020
4038
8154
8472
1795
152
3932
925
3781
8919
9164
674
1189
9882
710
6831
1379
9314
437
5309
4265
9013
404
3082
1008
3629
6219
38
6293
568
8348
6518
9591
8352
7695
7438
4336
6044
7522
4126
4048
2606
4065
7887
6297
7960
6393
6771
9364
5907
4164
6827
6777
9900
913
5131
4348
9397
3469
2162
5969
5666
3426
9275
6840
2805
5148
2928
2988
2670
2147
4959
4995
5298
7867
9761
3160
4314
7764
3133
2304
6839
4971
9498
648
609
9393
1064
527
5572
4907
6864
3350
8011
8330
3140
6483
5829
1012
9369
253
6217
8858
1988
1398
7228
3039
5399
401
8663
4619
5270
2071
6050
7820
157
7388
8422
6070
8141
9457
4181
4262
1575
6547
6732
6578
7741
6894
2439
6610
1917
467
6045
8972
8357
3588
4615
803
7500
7071
122
3503
4502
3539
3265
4662
5596
4531
5255
4423
321
6092
2524
2047
7886
5489
9048
9699
763
6118
8500
9008
9673
4473
1654
7715
3105
6486
7933
2065
4159
6755
3643
9031
4884
8716
5627
7082
8222
6973
1694
898
5639
1175
2484
265
8963
5750
1787
4848
2935
3476
4989
6675
5930
6375
2876
1899
923
3568
8434
2340
7558
9861
358
7787
2856
6002
9720
3620
3495
2471
4656
7188
4880
6563
3853
8758
1042
8220
7254
2867
3647
722
4488
6916
4456
7719
8145
9824
3515
7964
584
2780
3916
5924
9587
9871
6
8303
818
9735
3363
7454
7315
6246
120
3443
9490
1491
2290
7835
373
8029
5269
6584
3717
5833
180
9578
3912
5954
1519
8697
7973
3839
7310
5982
4417
3058
2078
3017
1428
3448
897
1735
8597
9079
2497
4757
1680
1420
2231
2527
4061
382
6801
4075
6957
6327
2561
9493
7111
688
5055
4274
1600
3595
9253
449
5559
3130
6915
2171
1107
5450
823
7783
3244
7805
6943
8738
4530
3880
2992
1512
3680
3184
6681
504
9930
2225
5133
276
6021
4709
4861
7749
3996
2184
7468
1584
9465
7966
6287
1488
9698
5614
4692
4839
8678
6448
5647
3404
807
195
2874
7098
257
4744
4427
8103
2424
5050
2286
1722
6673
5125
5877
7811
3141
4914
6624
3964
9718
9680
630
9743
6657
419
4541
1254
1645
3849
1959
7743
9480
397
3752
8168
1770
2985
3548
6553
8577
6542
5033
943
612
1597
8200
85
3758
2858
7322
4724
7504
8051
2932
8074
4695
7105
1364
8127
730
1879
3779
1818
18
2033
7752
5838
4029
2039
6126
1511
9605
5173
2979
2501
9984
32
7687
8199
3966
7586
5451
5142
6773
1972
4424
6689
2585
3028
9405
5495
4111
6739
597
6874
5115
6844
2457
8464
3179
6179
7576
1394
9567
7031
5703
5784
8805
82
9843
3031
3287
9204
6852
2688
4323
5300
6277
5582
1827
9532
5186
6261
9185
9078
8448
2135
9389
4772
835
8740
6299
5709
7149
975
4888
6117
2037
8440
9375
4090
7241
583
4347
1188
9535
8470
9151
4638
2488
6240
237
7259
5561
8053
8331
4883
1517
9192
6161
4022
2852
4081
7147
2812
48
5236
8041
6846
3891
40
5727
673
8014
4402
1678
7516
6720
3773
1942
2308
6065
2970
1202
3886
8589
2791
8430
5046
9000
1612
1708
2123
9467
3832
9998
5455
3463
5292
7782
7866
8385
6735
2263
1656
5707
2773
227
2025
9297
5512
2513
4100
5441
7089
7462
5280
3449
8190
4024
8908
430
782
5354
589
8839
1703
7789
3748
9106
8122
2120
7243
880
5203
5051
6426
1059
4711
4077
5044
2373
2096
4086
4611
8582
2705
3298
5721
6109
357
868
8731
6492
2313
9817
4167
5254
5109
2694
5881
5906
901
956
5059
8726
8871
8764
3232
2557
9645
4777
9755
2583
4294
6202
4630
183
8006
1494
8125
4588
4814
6481
451
2175
7062
5565
8015
5408
8035
7870
9373
7398
614
1973
6491
1886
5369
500
7868
5973
8428
1658
163
8735
5976
9539
5329
4776
9110
8750
9500
2018
6736
7922
3925
9133
1647
1527
1134
2088
8992
9841
2372
7943
2115
701
8116
9778
7994
3706
3268
5218
1051
7821
727
5943
3868
8571
1266
7458
5858
1705
8328
1607
1999
239
482
1505
261
9649
6130
9017
8018
7175
2381
5780
3061
7246
663
1747
6196
9178
5782
6858
4712
9427
7176
1987
9973
5993
169
9533
2034
3670
7713
638
4343
9508
9410
3927
1446
2158
6249
4780
1635
6415
6358
6995
3458
4344
4253
5648
2236
7766
3684
298
4731
8218
4591
1478
8355
2132
1319
6630
1419
9030
1876
6191
6042
2483
8851
2044
5468
8264
7768
7339
2587
240
5244
3089
891
6379
846
1116
872
1275
8515
4267
9788
4321
1170
2264
6285
6749
7195
9568
8955
559
6786
7141
9058
4199
5139
4125
6627
2170
2212
8799
228
5288
2032
5520
3222
1025
5553
2334
5955
6223
3479
3152
68
5568
6411
6895
4419
8429
8302
4817
1651
6228
1608
407
9631
6134
9471
661
7433
9816
8148
8368
4185
3722
1930
1522
7236
1160
1523
9916
7441
2740
1082
6452
5301
9685
1630
9842
3657
1798
893
5371
2575
3250
6307
5412
