6012
421
4677
3909
7252
3023
8367
3090
7563
1916
7942
4572
2729
5910
2199
499
7922
6834
6217
7221
8915
8321
6761
4913
1200
682
3995
6299
7952
437
1704
4525
935
6138
803
4735
9670
6807
9225
8423
397
9243
1084
750
1928
4837
69
3298
7569
3686
3917
9436
2358
5172
9709
3337
5599
1879
2808
994
6298
8519
9587
9223
1125
9387
8735
3046
2496
2389
6014
3810
9171
7012
8577
1335
4101
2509
2957
8888
8141
5431
8234
1982
1337
6786
2368
6876
5916
982
5817
5301
7674
6695
9422
6396
6342
2630
8821
670
3635
8934
2976
4799
7835
5482
593
2203
9565
393
2111
9250
6934
3795
5987
4229
1028
8529
4566
3720
2161
3826
9382
3135
194
9349
6418
2831
7577
996
5586
6330
2958
1238
1294
2884
1052
6465
2974
6055
8046
9543
5389
5232
7431
8562
710
4052
8360
3012
2585
9278
9328
7107
3509
6375
1082
8021
1190
1446
3354
8679
9388
6248
6519
7378
500
5090
7903
7087
7509
7813
4871
9630
809
9911
7983
7461
3145
3335
5422
5731
8554
7319
3604
4201
877
2311
5292
2387
1162
6030
4036
492
9898
2539
9985
29
5940
2925
5774
6010
2503
7973
7242
4665
7539
9321
8284
8852
8220
8690
6428
367
2645
2646
3296
3674
7667
3610
1794
5113
6799
7289
6800
8512
9198
7464
32
4061
9681
4492
8146
4935
8718
7799
5671
724
765
4187
4881
38
1838
3062
3369
5735
3255
9090
7315
9103
1501
6062
3602
429
4214
4761
7368
8569
1365
5572
4912
1449
4503
7578
9007
6760
7730
434
5414
5199
6898
6552
3383
9086
4126
1086
2907
462
7723
8167
7462
3328
2746
4424
5605
7854
5462
1403
8396
1136
9028
2038
9507
6504
8986
6491
3421
7291
8646
3292
2458
728
4884
1860
9439
8456
1545
7935
5213
1755
4367
3386
1516
5094
2273
8010
9846
3923
6438
5865
5958
806
8007
8482
7928
2549
485
1399
1424
6562
2327
1186
6610
7201
4789
4995
4491
3615
6521
8023
6638
5561
11
8879
9194
9113
5093
9954
7733
6897
331
7537
5917
6370
3382
6670
2482
512
4243
8253
2785
2997
4853
166
9451
7884
3545
6238
8566
2195
2740
1022
8328
892
7595
9771
3006
3258
9784
4939
9689
3516
2627
7082
5673
9865
9076
7445
5530
8147
1687
6569
6025
8029
6394
2512
6252
9375
9352
2521
4138
1944
7471
1822
990
9251
2626
8580
5200
8689
8654
5353
9483
3579
6867
1970
2153
3450
2966
1766
3295
2653
7876
4892
912
168
7097
880
3459
3239
8604
6835
9672
4642
3616
9266
4959
2316
3666
8457
6105
9467
2522
7036
9316
5992
5748
8922
5665
5035
5874
4315
6591
9924
7463
3952
9634
327
370
7197
3776
2403
2014
5686
5988
3880
3187
3271
6633
2994
3967
8780
7868
5310
7920
6853
8263
1565
441
6464
436
2548
1892
2983
9274
3785
1280
6733
305
4256
7712
9021
5410
1020
5241
4758
5839
5402
2790
6049
